trip_id,arrival_time,departure_time,stop_id,stop_sequence,pickup_type,drop_off_type
100001,13:20:00,13:20:00,8312855,1,0,1
100001,13:33:00,13:33:00,8312856,2,0,0
100001,13:49:00,13:49:00,8312857,4,0,0
100001,14:04:00,14:04:00,8312859,5,0,0
100001,14:17:00,14:17:00,8312860,6,0,0
100001,14:43:00,14:43:00,8312862,7,0,0
100001,13:40:00,13:40:00,8312896,3,0,0
100002,14:02:00,14:02:00,8312852,4,0,0
100002,13:46:00,13:47:00,8312854,3,0,0
100002,13:30:00,13:30:00,8312855,1,0,1
100002,13:41:00,13:42:00,8312895,2,0,0
100003,18:48:00,18:48:00,8312950,2,0,0
100003,18:34:00,18:34:00,8312952,1,0,1
100004,5:58:00,5:58:00,8312952,3,0,0
100004,5:32:00,5:32:00,8313703,1,0,1
100005,6:58:00,6:58:00,8312952,3,0,0
100005,6:32:00,6:32:00,8313703,1,0,1
100006,7:58:00,7:58:00,8312952,3,0,0
100006,7:32:00,7:32:00,8313703,1,0,1
100007,5:25:00,5:25:00,8312869,1,0,1
100007,5:47:00,5:48:00,8312873,3,0,0
100007,6:20:00,6:20:00,8312878,6,0,0
100008,21:58:00,21:58:00,8312869,6,0,0
100008,21:27:00,21:28:00,8312873,4,0,0
100008,21:17:00,21:18:00,8312874,3,0,0
100008,20:50:00,20:50:00,8312878,1,0,1
100009,24:21:00,24:21:00,8312878,8,0,0
100009,24:00:00,24:01:00,8312879,7,0,0
100009,23:44:00,23:45:00,8312880,6,0,0
100009,23:21:00,23:22:00,8312882,5,0,0
100009,22:59:00,23:00:00,8312885,4,0,0
100009,22:49:00,22:50:00,8312886,3,0,0
100009,22:40:00,22:41:00,8312887,2,0,0
100009,22:31:00,22:31:00,8312888,1,0,1
100010,8:12:00,8:12:00,8312950,1,0,1
100010,8:26:00,8:26:00,8312952,2,0,0
100011,10:12:00,10:12:00,8312950,1,0,1
100011,10:26:00,10:26:00,8312952,2,0,0
100012,12:12:00,12:12:00,8312950,1,0,1
100012,12:26:00,12:26:00,8312952,2,0,0
100013,14:12:00,14:12:00,8312950,1,0,1
100013,14:26:00,14:26:00,8312952,2,0,0
100014,16:12:00,16:12:00,8312950,1,0,1
100014,16:26:00,16:26:00,8312952,2,0,0
100015,18:12:00,18:12:00,8312950,1,0,1
100015,18:26:00,18:26:00,8312952,2,0,0
100016,20:12:00,20:12:00,8312950,1,0,1
100016,20:26:00,20:26:00,8312952,2,0,0
100017,15:02:00,15:02:00,8312952,1,0,1
100017,15:25:00,15:25:00,8313703,3,0,0
100018,8:48:00,8:48:00,8312950,2,0,0
100018,8:34:00,8:34:00,8312952,1,0,1
100019,10:48:00,10:48:00,8312950,2,0,0
100019,10:34:00,10:34:00,8312952,1,0,1
100020,12:48:00,12:48:00,8312950,2,0,0
100020,12:34:00,12:34:00,8312952,1,0,1
100021,14:48:00,14:48:00,8312950,2,0,0
100021,14:34:00,14:34:00,8312952,1,0,1
100022,16:48:00,16:48:00,8312950,2,0,0
100022,16:34:00,16:34:00,8312952,1,0,1
100023,20:48:00,20:48:00,8312950,2,0,0
100023,20:34:00,20:34:00,8312952,1,0,1
100024,23:45:00,23:45:00,8312819,1,0,1
100024,23:55:00,23:55:00,8312891,3,0,0
100025,18:52:00,18:52:00,8312852,4,0,0
100025,18:37:00,18:37:00,8312854,3,0,0
100025,18:20:00,18:20:00,8312855,1,0,1
100025,18:32:00,18:32:00,8312895,2,0,0
100026,18:20:00,18:20:00,8312855,1,0,1
100026,18:43:00,18:43:00,8312857,3,0,0
100026,19:00:00,19:01:00,8312859,4,0,0
100026,19:13:00,19:14:00,8312860,5,0,0
100026,19:40:00,19:40:00,8312862,6,0,0
100026,18:34:00,18:35:00,8312896,2,0,0
100027,6:20:00,6:20:00,8312869,1,0,1
100027,6:33:00,6:34:00,8312872,2,0,0
100027,6:42:00,6:43:00,8312873,3,0,0
100027,7:25:00,7:25:00,8312878,6,0,0
100028,5:56:00,5:56:00,8312819,14,0,0
100028,4:00:00,4:00:00,8312878,1,0,1
100028,4:20:00,4:21:00,8312879,3,0,0
100028,4:36:00,4:37:00,8312880,4,0,0
100028,4:49:00,4:50:00,8312882,6,0,0
100028,5:09:00,5:10:00,8312885,8,0,0
100028,5:20:00,5:20:00,8312886,9,0,0
100028,5:30:00,5:30:00,8312887,10,0,0
100028,5:41:00,5:41:00,8312888,11,0,0
100028,6:06:00,6:06:00,8312891,16,0,0
100029,23:40:00,23:40:00,8312819,3,0,0
100029,23:30:00,23:30:00,8312891,1,0,1
100030,21:35:00,21:35:00,8312952,1,0,1
100030,21:58:00,21:58:00,8313703,3,0,0
100031,9:51:00,9:51:00,8312855,39,0,0
100031,9:13:00,9:14:00,8312860,34,0,0
100031,8:55:00,8:58:00,8312862,31,0,0
100031,8:16:00,8:17:00,8312869,24,0,0
100031,7:49:00,7:50:00,8312873,22,0,0
100031,7:26:00,7:27:00,8312878,18,0,0
100031,7:02:00,7:03:00,8312882,13,0,0
100031,6:45:00,6:46:00,8312888,8,0,0
100031,6:35:00,6:35:00,8312891,1,0,1
100032,6:40:00,6:41:00,8312819,3,0,0
100032,9:51:00,9:51:00,8312855,39,0,0
100032,9:13:00,9:14:00,8312860,34,0,0
100032,8:55:00,8:58:00,8312862,31,0,0
100032,8:16:00,8:17:00,8312869,24,0,0
100032,7:49:00,7:50:00,8312873,22,0,0
100032,7:26:00,7:27:00,8312878,18,0,0
100032,7:02:00,7:03:00,8312882,13,0,0
100032,6:36:00,6:36:00,8312891,1,0,1
100033,6:28:00,6:29:00,8312819,3,0,0
100033,9:50:00,9:50:00,8312855,39,0,0
100033,9:13:00,9:14:00,8312860,34,0,0
100033,8:55:00,8:58:00,8312862,31,0,0
100033,8:16:00,8:17:00,8312869,24,0,0
100033,7:49:00,7:50:00,8312873,22,0,0
100033,7:26:00,7:27:00,8312878,18,0,0
100033,7:13:00,7:14:00,8312879,16,0,0
100033,7:07:00,7:08:00,8312880,15,0,0
100033,6:57:00,6:58:00,8312882,13,0,0
100033,6:36:00,6:37:00,8312888,8,0,0
100033,6:23:00,6:23:00,8312891,1,0,1
100034,6:40:00,6:40:00,8312807,1,0,1
100034,9:18:00,9:19:00,8312819,35,0,0
100034,7:52:00,7:53:00,8312869,14,0,0
100034,8:09:00,8:10:00,8312873,16,0,0
100034,8:34:00,8:35:00,8312878,20,0,0
100034,8:58:00,8:59:00,8312882,25,0,0
100034,9:27:00,9:27:00,8312891,37,0,0
100035,6:40:00,6:40:00,8312807,1,0,1
100035,9:18:00,9:19:00,8312819,35,0,0
100035,7:52:00,7:53:00,8312869,14,0,0
100035,8:09:00,8:10:00,8312873,16,0,0
100035,8:34:00,8:35:00,8312878,20,0,0
100035,8:58:00,8:59:00,8312882,25,0,0
100035,9:27:00,9:27:00,8312891,37,0,0
100036,8:44:00,8:45:00,8312819,3,0,0
100036,11:51:00,11:51:00,8312855,39,0,0
100036,11:13:00,11:14:00,8312860,34,0,0
100036,10:55:00,10:58:00,8312862,31,0,0
100036,10:16:00,10:17:00,8312869,24,0,0
100036,9:52:00,9:57:00,8312873,22,0,0
100036,9:29:00,9:30:00,8312878,18,0,0
100036,9:06:00,9:07:00,8312882,13,0,0
100036,8:40:00,8:40:00,8312891,1,0,1
100037,8:30:00,8:31:00,8312819,3,0,0
100037,11:50:00,11:50:00,8312855,39,0,0
100037,11:13:00,11:14:00,8312860,34,0,0
100037,10:55:00,10:58:00,8312862,31,0,0
100037,10:16:00,10:17:00,8312869,24,0,0
100037,9:52:00,9:57:00,8312873,22,0,0
100037,9:28:00,9:29:00,8312878,18,0,0
100037,9:15:00,9:16:00,8312879,16,0,0
100037,9:09:00,9:10:00,8312880,15,0,0
100037,8:59:00,9:00:00,8312882,13,0,0
100037,8:38:00,8:39:00,8312888,8,0,0
100037,8:25:00,8:25:00,8312891,1,0,1
100038,11:02:00,11:03:00,8312819,37,0,0
100038,8:00:00,8:00:00,8312855,1,0,1
100038,8:35:00,8:36:00,8312860,6,0,0
100038,8:55:00,8:58:00,8312862,9,0,0
100038,9:37:00,9:38:00,8312869,16,0,0
100038,9:55:00,9:56:00,8312873,18,0,0
100038,10:19:00,10:20:00,8312878,22,0,0
100038,10:42:00,10:43:00,8312882,27,0,0
100038,11:10:00,11:10:00,8312891,39,0,0
100039,11:02:00,11:03:00,8312819,37,0,0
100039,8:00:00,8:00:00,8312855,1,0,1
100039,8:35:00,8:36:00,8312860,6,0,0
100039,8:55:00,8:58:00,8312862,9,0,0
100039,9:37:00,9:38:00,8312869,16,0,0
100039,9:55:00,9:56:00,8312873,18,0,0
100039,10:19:00,10:20:00,8312878,22,0,0
100039,10:42:00,10:43:00,8312882,27,0,0
100039,11:10:00,11:10:00,8312891,39,0,0
100040,13:28:00,13:28:00,8312807,37,0,0
100040,10:44:00,10:45:00,8312819,3,0,0
100040,12:16:00,12:17:00,8312869,24,0,0
100040,11:52:00,11:57:00,8312873,22,0,0
100040,11:29:00,11:30:00,8312878,18,0,0
100040,11:06:00,11:07:00,8312882,13,0,0
100040,10:40:00,10:40:00,8312891,1,0,1
100041,13:28:00,13:28:00,8312807,37,0,0
100041,10:44:00,10:45:00,8312819,3,0,0
100041,12:16:00,12:17:00,8312869,24,0,0
100041,11:52:00,11:57:00,8312873,22,0,0
100041,11:29:00,11:30:00,8312878,18,0,0
100041,11:06:00,11:07:00,8312882,13,0,0
100041,10:40:00,10:40:00,8312891,1,0,1
100042,10:15:00,10:15:00,8312807,1,0,1
100042,13:03:00,13:04:00,8312819,36,0,0
100042,10:51:00,10:58:00,8312862,8,0,0
100042,11:37:00,11:38:00,8312869,15,0,0
100042,11:55:00,11:56:00,8312873,17,0,0
100042,12:19:00,12:20:00,8312878,21,0,0
100042,12:43:00,12:44:00,8312882,26,0,0
100042,13:11:00,13:11:00,8312891,38,0,0
100043,10:15:00,10:15:00,8312807,1,0,1
100043,13:15:00,13:16:00,8312819,36,0,0
100043,10:51:00,10:58:00,8312862,8,0,0
100043,11:37:00,11:38:00,8312869,15,0,0
100043,11:55:00,11:56:00,8312873,17,0,0
100043,12:20:00,12:21:00,8312878,21,0,0
100043,12:30:00,12:31:00,8312879,23,0,0
100043,12:36:00,12:37:00,8312880,24,0,0
100043,12:50:00,12:51:00,8312882,26,0,0
100043,13:08:00,13:09:00,8312888,31,0,0
100043,13:23:00,13:23:00,8312891,38,0,0
100044,17:54:00,17:55:00,8312802,41,0,0
100044,17:40:00,17:41:00,8312807,38,0,0
100044,17:17:00,17:18:00,8312816,34,0,0
100044,17:58:00,17:58:00,8312818,42,0,0
100044,14:44:00,14:45:00,8312819,3,0,0
100044,16:55:00,17:02:00,8312862,31,0,0
100044,16:16:00,16:17:00,8312869,24,0,0
100044,15:29:00,15:30:00,8312878,18,0,0
100044,15:06:00,15:07:00,8312882,13,0,0
100044,14:40:00,14:40:00,8312891,1,0,1
100045,17:53:00,17:54:00,8312802,41,0,0
100045,17:40:00,17:41:00,8312807,38,0,0
100045,17:17:00,17:18:00,8312816,34,0,0
100045,17:57:00,17:57:00,8312818,42,0,0
100045,14:30:00,14:31:00,8312819,3,0,0
100045,16:55:00,17:02:00,8312862,31,0,0
100045,16:16:00,16:17:00,8312869,24,0,0
100045,15:59:00,16:04:00,8312872,23,0,0
100045,15:28:00,15:29:00,8312878,18,0,0
100045,15:15:00,15:16:00,8312879,16,0,0
100045,15:09:00,15:10:00,8312880,15,0,0
100045,14:59:00,15:00:00,8312882,13,0,0
100045,14:38:00,14:39:00,8312888,8,0,0
100045,14:25:00,14:25:00,8312891,1,0,1
100046,14:30:00,14:30:00,8312807,1,0,1
100046,14:50:00,14:51:00,8312816,5,0,0
100046,17:17:00,17:18:00,8312819,36,0,0
100046,15:08:00,15:15:00,8312862,8,0,0
100046,15:53:00,15:54:00,8312869,15,0,0
100046,16:33:00,16:34:00,8312878,21,0,0
100046,16:56:00,16:57:00,8312882,26,0,0
100046,17:25:00,17:25:00,8312891,38,0,0
100047,14:30:00,14:30:00,8312807,1,0,1
100047,14:50:00,14:51:00,8312816,5,0,0
100047,17:17:00,17:18:00,8312819,36,0,0
100047,15:08:00,15:15:00,8312862,8,0,0
100047,15:53:00,15:54:00,8312869,15,0,0
100047,16:33:00,16:34:00,8312878,21,0,0
100047,16:56:00,16:57:00,8312882,26,0,0
100047,17:25:00,17:25:00,8312891,38,0,0
100048,16:44:00,16:45:00,8312819,3,0,0
100048,19:51:00,19:51:00,8312855,39,0,0
100048,19:13:00,19:14:00,8312860,34,0,0
100048,18:55:00,18:58:00,8312862,31,0,0
100048,18:16:00,18:17:00,8312869,24,0,0
100048,17:52:00,17:57:00,8312873,22,0,0
100048,17:29:00,17:30:00,8312878,18,0,0
100048,17:06:00,17:07:00,8312882,13,0,0
100048,16:40:00,16:40:00,8312891,1,0,1
100049,16:44:00,16:45:00,8312819,3,0,0
100049,19:51:00,19:51:00,8312855,39,0,0
100049,19:13:00,19:14:00,8312860,34,0,0
100049,18:55:00,18:58:00,8312862,31,0,0
100049,18:16:00,18:17:00,8312869,24,0,0
100049,17:52:00,17:57:00,8312873,22,0,0
100049,17:29:00,17:30:00,8312878,18,0,0
100049,17:06:00,17:07:00,8312882,13,0,0
100049,16:40:00,16:40:00,8312891,1,0,1
100050,19:03:00,19:04:00,8312819,37,0,0
100050,16:00:00,16:00:00,8312855,1,0,1
100050,16:35:00,16:36:00,8312860,6,0,0
100050,16:55:00,16:58:00,8312862,9,0,0
100050,17:37:00,17:38:00,8312869,16,0,0
100050,17:55:00,17:56:00,8312873,18,0,0
100050,18:19:00,18:20:00,8312878,22,0,0
100050,18:43:00,18:44:00,8312882,27,0,0
100050,19:11:00,19:11:00,8312891,39,0,0
100051,19:15:00,19:16:00,8312819,37,0,0
100051,16:00:00,16:00:00,8312855,1,0,1
100051,16:36:00,16:37:00,8312860,6,0,0
100051,16:55:00,16:58:00,8312862,9,0,0
100051,17:37:00,17:38:00,8312869,16,0,0
100051,17:55:00,17:56:00,8312873,18,0,0
100051,18:20:00,18:21:00,8312878,22,0,0
100051,18:30:00,18:31:00,8312879,24,0,0
100051,18:36:00,18:37:00,8312880,25,0,0
100051,18:50:00,18:51:00,8312882,27,0,0
100051,19:08:00,19:09:00,8312888,32,0,0
100051,19:23:00,19:23:00,8312891,39,0,0
100052,21:28:00,21:28:00,8312807,37,0,0
100052,18:38:00,18:39:00,8312819,3,0,0
100052,20:16:00,20:17:00,8312869,24,0,0
100052,19:52:00,19:57:00,8312873,22,0,0
100052,19:29:00,19:30:00,8312878,18,0,0
100052,19:16:00,19:17:00,8312879,16,0,0
100052,19:10:00,19:11:00,8312880,15,0,0
100052,19:00:00,19:01:00,8312882,13,0,0
100052,18:34:00,18:34:00,8312891,1,0,1
100053,21:28:00,21:28:00,8312807,37,0,0
100053,18:44:00,18:45:00,8312819,3,0,0
100053,20:16:00,20:17:00,8312869,24,0,0
100053,19:52:00,19:57:00,8312873,22,0,0
100053,19:29:00,19:30:00,8312878,18,0,0
100053,19:06:00,19:07:00,8312882,13,0,0
100053,18:40:00,18:40:00,8312891,1,0,1
100054,21:28:00,21:28:00,8312807,37,0,0
100054,18:44:00,18:45:00,8312819,3,0,0
100054,20:16:00,20:17:00,8312869,24,0,0
100054,19:52:00,19:57:00,8312873,22,0,0
100054,19:29:00,19:30:00,8312878,18,0,0
100054,19:06:00,19:07:00,8312882,13,0,0
100054,18:40:00,18:40:00,8312891,1,0,1
100055,21:03:00,21:04:00,8312819,37,0,0
100055,18:00:00,18:00:00,8312855,1,0,1
100055,18:35:00,18:36:00,8312860,6,0,0
100055,18:55:00,18:58:00,8312862,9,0,0
100055,19:37:00,19:38:00,8312869,16,0,0
100055,19:55:00,19:56:00,8312873,18,0,0
100055,20:19:00,20:20:00,8312878,22,0,0
100055,20:43:00,20:44:00,8312882,27,0,0
100055,21:11:00,21:11:00,8312891,39,0,0
100056,21:15:00,21:16:00,8312819,37,0,0
100056,18:00:00,18:00:00,8312855,1,0,1
100056,18:35:00,18:36:00,8312860,6,0,0
100056,18:55:00,18:58:00,8312862,9,0,0
100056,19:37:00,19:38:00,8312869,16,0,0
100056,19:55:00,19:56:00,8312873,18,0,0
100056,20:20:00,20:21:00,8312878,22,0,0
100056,20:30:00,20:31:00,8312879,24,0,0
100056,20:36:00,20:37:00,8312880,25,0,0
100056,20:50:00,20:51:00,8312882,27,0,0
100056,21:08:00,21:09:00,8312888,32,0,0
100056,21:23:00,21:23:00,8312891,39,0,0
100057,7:28:00,7:29:00,8312819,3,0,0
100057,8:29:00,8:29:00,8312878,18,0,0
100057,8:17:00,8:18:00,8312879,16,0,0
100057,8:10:00,8:11:00,8312880,15,0,0
100057,7:59:00,8:00:00,8312882,13,0,0
100057,7:36:00,7:37:00,8312888,8,0,0
100057,7:22:00,7:22:00,8312891,1,0,1
100058,6:36:00,6:37:00,8312819,16,0,0
100058,5:30:00,5:30:00,8312878,1,0,1
100058,5:40:00,5:41:00,8312879,3,0,0
100058,5:47:00,5:48:00,8312880,4,0,0
100058,5:59:00,6:00:00,8312882,6,0,0
100058,6:09:00,6:10:00,8312885,8,0,0
100058,6:15:00,6:16:00,8312886,9,0,0
100058,6:20:00,6:21:00,8312887,10,0,0
100058,6:28:00,6:29:00,8312888,11,0,0
100058,6:43:00,6:43:00,8312891,18,0,0
100059,9:23:00,9:24:00,8312819,3,0,0
100059,11:28:00,11:28:00,8312869,24,0,0
100059,11:14:00,11:15:00,8312872,23,0,0
100059,11:05:00,11:06:00,8312873,22,0,0
100059,10:59:00,11:00:00,8312874,21,0,0
100059,10:44:00,10:45:00,8312876,19,0,0
100059,10:37:00,10:38:00,8312878,18,0,0
100059,10:16:00,10:17:00,8312879,16,0,0
100059,10:10:00,10:11:00,8312880,15,0,0
100059,9:59:00,10:00:00,8312882,13,0,0
100059,9:48:00,9:49:00,8312885,11,0,0
100059,9:43:00,9:44:00,8312886,10,0,0
100059,9:38:00,9:39:00,8312887,9,0,0
100059,9:31:00,9:32:00,8312888,8,0,0
100059,9:18:00,9:18:00,8312891,1,0,1
100060,9:23:00,9:24:00,8312819,3,0,0
100060,11:27:00,11:27:00,8312869,24,0,0
100060,11:14:00,11:15:00,8312872,23,0,0
100060,11:05:00,11:06:00,8312873,22,0,0
100060,10:59:00,11:00:00,8312874,21,0,0
100060,10:44:00,10:45:00,8312876,19,0,0
100060,10:37:00,10:38:00,8312878,18,0,0
100060,10:16:00,10:17:00,8312879,16,0,0
100060,10:10:00,10:11:00,8312880,15,0,0
100060,9:59:00,10:00:00,8312882,13,0,0
100060,9:48:00,9:49:00,8312885,11,0,0
100060,9:43:00,9:44:00,8312886,10,0,0
100060,9:38:00,9:39:00,8312887,9,0,0
100060,9:31:00,9:32:00,8312888,8,0,0
100060,9:18:00,9:18:00,8312891,1,0,1
100061,7:28:00,7:29:00,8312819,16,0,0
100061,6:30:00,6:30:00,8312878,1,0,1
100061,6:40:00,6:41:00,8312879,3,0,0
100061,6:47:00,6:48:00,8312880,4,0,0
100061,6:59:00,7:00:00,8312882,6,0,0
100061,7:20:00,7:21:00,8312888,11,0,0
100061,7:37:00,7:37:00,8312891,18,0,0
100062,7:27:00,7:28:00,8312819,16,0,0
100062,6:28:00,6:28:00,8312878,1,0,1
100062,6:38:00,6:39:00,8312879,3,0,0
100062,6:45:00,6:46:00,8312880,4,0,0
100062,6:57:00,6:58:00,8312882,6,0,0
100062,7:18:00,7:19:00,8312888,11,0,0
100062,7:35:00,7:35:00,8312891,18,0,0
100063,10:18:00,10:19:00,8312819,3,0,0
100063,11:29:00,11:29:00,8312878,18,0,0
100063,11:17:00,11:18:00,8312879,16,0,0
100063,11:10:00,11:11:00,8312880,15,0,0
100063,10:59:00,11:00:00,8312882,13,0,0
100063,10:49:00,10:50:00,8312885,11,0,0
100063,10:43:00,10:44:00,8312886,10,0,0
100063,10:38:00,10:39:00,8312887,9,0,0
100063,10:31:00,10:32:00,8312888,8,0,0
100063,10:26:00,10:27:00,8312889,6,0,0
100063,10:21:00,10:22:00,8312890,4,0,0
100063,10:13:00,10:13:00,8312891,1,0,1
100064,8:34:00,8:35:00,8312819,16,0,0
100064,7:30:00,7:30:00,8312878,1,0,1
100064,7:40:00,7:41:00,8312879,3,0,0
100064,7:47:00,7:48:00,8312880,4,0,0
100064,7:59:00,8:00:00,8312882,6,0,0
100064,8:08:00,8:09:00,8312885,8,0,0
100064,8:14:00,8:15:00,8312886,9,0,0
100064,8:19:00,8:20:00,8312887,10,0,0
100064,8:27:00,8:28:00,8312888,11,0,0
100064,8:41:00,8:41:00,8312891,18,0,0
100065,9:20:00,9:21:00,8312819,3,0,0
100065,11:22:00,11:22:00,8312869,24,0,0
100065,11:08:00,11:09:00,8312872,23,0,0
100065,10:59:00,11:00:00,8312873,22,0,0
100065,10:52:00,10:53:00,8312874,21,0,0
100065,10:36:00,10:37:00,8312876,19,0,0
100065,10:29:00,10:30:00,8312878,18,0,0
100065,10:17:00,10:18:00,8312879,16,0,0
100065,10:10:00,10:11:00,8312880,15,0,0
100065,9:59:00,10:00:00,8312882,13,0,0
100065,9:48:00,9:49:00,8312885,11,0,0
100065,9:41:00,9:42:00,8312886,10,0,0
100065,9:36:00,9:37:00,8312887,9,0,0
100065,9:28:00,9:29:00,8312888,8,0,0
100065,9:14:00,9:14:00,8312891,1,0,1
100066,8:29:00,8:30:00,8312819,16,0,0
100066,7:30:00,7:30:00,8312878,1,0,1
100066,7:40:00,7:41:00,8312879,3,0,0
100066,7:47:00,7:48:00,8312880,4,0,0
100066,7:59:00,8:00:00,8312882,6,0,0
100066,8:20:00,8:21:00,8312888,11,0,0
100066,8:37:00,8:37:00,8312891,18,0,0
100067,8:29:00,8:30:00,8312819,16,0,0
100067,7:30:00,7:30:00,8312878,1,0,1
100067,7:40:00,7:41:00,8312879,3,0,0
100067,7:47:00,7:48:00,8312880,4,0,0
100067,7:59:00,8:00:00,8312882,6,0,0
100067,8:20:00,8:21:00,8312888,11,0,0
100067,8:37:00,8:37:00,8312891,18,0,0
100068,11:23:00,11:24:00,8312819,3,0,0
100068,12:44:00,12:44:00,8312878,18,0,0
100068,12:25:00,12:30:00,8312879,16,0,0
100068,12:17:00,12:18:00,8312880,15,0,0
100068,12:05:00,12:06:00,8312882,13,0,0
100068,11:54:00,11:55:00,8312885,11,0,0
100068,11:48:00,11:49:00,8312886,10,0,0
100068,11:43:00,11:44:00,8312887,9,0,0
100068,11:36:00,11:37:00,8312888,8,0,0
100068,11:31:00,11:32:00,8312889,6,0,0
100068,11:26:00,11:27:00,8312890,4,0,0
100068,11:18:00,11:18:00,8312891,1,0,1
100069,11:25:00,11:26:00,8312819,3,0,0
100069,12:42:00,12:42:00,8312878,18,0,0
100069,12:25:00,12:30:00,8312879,16,0,0
100069,12:17:00,12:18:00,8312880,15,0,0
100069,12:06:00,12:07:00,8312882,13,0,0
100069,11:55:00,11:56:00,8312885,11,0,0
100069,11:50:00,11:51:00,8312886,10,0,0
100069,11:45:00,11:46:00,8312887,9,0,0
100069,11:38:00,11:39:00,8312888,8,0,0
100069,11:33:00,11:34:00,8312889,6,0,0
100069,11:28:00,11:29:00,8312890,4,0,0
100069,11:20:00,11:20:00,8312891,1,0,1
100070,11:27:00,11:28:00,8312819,3,0,0
100070,12:44:00,12:44:00,8312878,18,0,0
100070,12:27:00,12:32:00,8312879,16,0,0
100070,12:19:00,12:20:00,8312880,15,0,0
100070,12:08:00,12:09:00,8312882,13,0,0
100070,11:57:00,11:58:00,8312885,11,0,0
100070,11:52:00,11:53:00,8312886,10,0,0
100070,11:47:00,11:48:00,8312887,9,0,0
100070,11:40:00,11:41:00,8312888,8,0,0
100070,11:35:00,11:36:00,8312889,6,0,0
100070,11:30:00,11:31:00,8312890,4,0,0
100070,11:22:00,11:22:00,8312891,1,0,1
100071,10:43:00,10:44:00,8312819,16,0,0
100071,9:30:00,9:30:00,8312878,1,0,1
100071,9:40:00,9:41:00,8312879,3,0,0
100071,9:47:00,9:48:00,8312880,4,0,0
100071,9:59:00,10:00:00,8312882,6,0,0
100071,10:09:00,10:10:00,8312885,8,0,0
100071,10:15:00,10:16:00,8312886,9,0,0
100071,10:21:00,10:22:00,8312887,10,0,0
100071,10:29:00,10:30:00,8312888,11,0,0
100071,10:33:00,10:34:00,8312889,13,0,0
100071,10:39:00,10:40:00,8312890,15,0,0
100071,10:51:00,10:51:00,8312891,18,0,0
100072,12:28:00,12:29:00,8312819,3,0,0
100072,13:29:00,13:29:00,8312878,18,0,0
100072,13:17:00,13:18:00,8312879,16,0,0
100072,13:10:00,13:11:00,8312880,15,0,0
100072,12:59:00,13:00:00,8312882,13,0,0
100072,12:36:00,12:37:00,8312888,8,0,0
100072,12:22:00,12:22:00,8312891,1,0,1
100073,14:30:00,14:31:00,8312819,16,0,0
100073,13:30:00,13:30:00,8312878,1,0,1
100073,13:40:00,13:41:00,8312879,3,0,0
100073,13:47:00,13:48:00,8312880,4,0,0
100073,13:59:00,14:00:00,8312882,6,0,0
100073,14:21:00,14:22:00,8312888,11,0,0
100073,14:38:00,14:38:00,8312891,18,0,0
100074,14:29:00,14:30:00,8312819,16,0,0
100074,13:30:00,13:30:00,8312878,1,0,1
100074,13:40:00,13:41:00,8312879,3,0,0
100074,13:47:00,13:48:00,8312880,4,0,0
100074,13:59:00,14:00:00,8312882,6,0,0
100074,14:20:00,14:21:00,8312888,11,0,0
100074,14:37:00,14:37:00,8312891,18,0,0
100075,13:28:00,13:29:00,8312819,3,0,0
100075,15:30:00,15:30:00,8312869,24,0,0
100075,15:14:00,15:15:00,8312872,23,0,0
100075,15:04:00,15:05:00,8312873,22,0,0
100075,14:56:00,14:57:00,8312874,21,0,0
100075,14:38:00,14:39:00,8312876,19,0,0
100075,14:29:00,14:31:00,8312878,18,0,0
100075,14:17:00,14:18:00,8312879,16,0,0
100075,14:11:00,14:12:00,8312880,15,0,0
100075,13:59:00,14:00:00,8312882,13,0,0
100075,13:37:00,13:38:00,8312888,8,0,0
100075,13:22:00,13:22:00,8312891,1,0,1
100076,13:28:00,13:29:00,8312819,3,0,0
100076,15:20:00,15:20:00,8312869,24,0,0
100076,15:07:00,15:08:00,8312872,23,0,0
100076,14:58:00,14:59:00,8312873,22,0,0
100076,14:52:00,14:53:00,8312874,21,0,0
100076,14:37:00,14:38:00,8312876,19,0,0
100076,14:29:00,14:31:00,8312878,18,0,0
100076,14:17:00,14:18:00,8312879,16,0,0
100076,14:10:00,14:11:00,8312880,15,0,0
100076,13:59:00,14:00:00,8312882,13,0,0
100076,13:37:00,13:38:00,8312888,8,0,0
100076,13:22:00,13:22:00,8312891,1,0,1
100077,15:29:00,15:30:00,8312819,22,0,0
100077,13:39:00,13:39:00,8312869,1,0,1
100077,13:49:00,13:50:00,8312872,2,0,0
100077,13:59:00,14:04:00,8312873,3,0,0
100077,14:09:00,14:10:00,8312874,4,0,0
100077,14:29:00,14:30:00,8312878,7,0,0
100077,14:40:00,14:41:00,8312879,9,0,0
100077,14:47:00,14:48:00,8312880,10,0,0
100077,14:59:00,15:00:00,8312882,12,0,0
100077,15:20:00,15:21:00,8312888,17,0,0
100077,15:37:00,15:37:00,8312891,24,0,0
100078,11:18:00,11:19:00,8312819,3,0,0
100078,12:29:00,12:29:00,8312878,18,0,0
100078,12:17:00,12:18:00,8312879,16,0,0
100078,12:10:00,12:11:00,8312880,15,0,0
100078,11:59:00,12:00:00,8312882,13,0,0
100078,11:49:00,11:50:00,8312885,11,0,0
100078,11:43:00,11:44:00,8312886,10,0,0
100078,11:38:00,11:39:00,8312887,9,0,0
100078,11:31:00,11:32:00,8312888,8,0,0
100078,11:26:00,11:27:00,8312889,6,0,0
100078,11:21:00,11:22:00,8312890,4,0,0
100078,11:13:00,11:13:00,8312891,1,0,1
100079,15:44:00,15:45:00,8312819,16,0,0
100079,14:30:00,14:30:00,8312878,1,0,1
100079,14:40:00,14:41:00,8312879,3,0,0
100079,14:47:00,14:48:00,8312880,4,0,0
100079,14:59:00,15:00:00,8312882,6,0,0
100079,15:09:00,15:10:00,8312885,8,0,0
100079,15:15:00,15:16:00,8312886,9,0,0
100079,15:21:00,15:22:00,8312887,10,0,0
100079,15:29:00,15:30:00,8312888,11,0,0
100079,15:34:00,15:35:00,8312889,13,0,0
100079,15:40:00,15:41:00,8312890,15,0,0
100079,15:52:00,15:52:00,8312891,18,0,0
100080,15:28:00,15:29:00,8312819,3,0,0
100080,16:32:00,16:32:00,8312878,18,0,0
100080,16:18:00,16:19:00,8312879,16,0,0
100080,16:11:00,16:12:00,8312880,15,0,0
100080,15:59:00,16:00:00,8312882,13,0,0
100080,15:36:00,15:37:00,8312888,8,0,0
100080,15:22:00,15:22:00,8312891,1,0,1
100081,15:28:00,15:29:00,8312819,3,0,0
100081,16:29:00,16:29:00,8312878,18,0,0
100081,16:17:00,16:18:00,8312879,16,0,0
100081,16:10:00,16:11:00,8312880,15,0,0
100081,15:59:00,16:00:00,8312882,13,0,0
100081,15:36:00,15:37:00,8312888,8,0,0
100081,15:22:00,15:22:00,8312891,1,0,1
100082,17:18:00,17:19:00,8312819,3,0,0
100082,18:29:00,18:29:00,8312878,18,0,0
100082,18:17:00,18:18:00,8312879,16,0,0
100082,18:10:00,18:11:00,8312880,15,0,0
100082,17:59:00,18:00:00,8312882,13,0,0
100082,17:49:00,17:50:00,8312885,11,0,0
100082,17:43:00,17:44:00,8312886,10,0,0
100082,17:38:00,17:39:00,8312887,9,0,0
100082,17:31:00,17:32:00,8312888,8,0,0
100082,17:26:00,17:27:00,8312889,6,0,0
100082,17:21:00,17:22:00,8312890,4,0,0
100082,17:13:00,17:13:00,8312891,1,0,1
100083,16:43:00,16:44:00,8312819,16,0,0
100083,15:30:00,15:30:00,8312878,1,0,1
100083,15:40:00,15:41:00,8312879,3,0,0
100083,15:47:00,15:48:00,8312880,4,0,0
100083,15:59:00,16:00:00,8312882,6,0,0
100083,16:09:00,16:10:00,8312885,8,0,0
100083,16:15:00,16:16:00,8312886,9,0,0
100083,16:21:00,16:22:00,8312887,10,0,0
100083,16:28:00,16:29:00,8312888,11,0,0
100083,16:33:00,16:34:00,8312889,13,0,0
100083,16:39:00,16:40:00,8312890,15,0,0
100083,16:50:00,16:50:00,8312891,18,0,0
100084,17:25:00,17:26:00,8312819,3,0,0
100084,18:45:00,18:45:00,8312878,18,0,0
100084,18:26:00,18:31:00,8312879,16,0,0
100084,18:18:00,18:19:00,8312880,15,0,0
100084,18:07:00,18:08:00,8312882,13,0,0
100084,17:57:00,17:58:00,8312885,11,0,0
100084,17:51:00,17:52:00,8312886,10,0,0
100084,17:46:00,17:47:00,8312887,9,0,0
100084,17:38:00,17:39:00,8312888,8,0,0
100084,17:33:00,17:34:00,8312889,6,0,0
100084,17:28:00,17:29:00,8312890,4,0,0
100084,17:20:00,17:20:00,8312891,1,0,1
100085,17:25:00,17:26:00,8312819,3,0,0
100085,18:44:00,18:44:00,8312878,18,0,0
100085,18:25:00,18:30:00,8312879,16,0,0
100085,18:17:00,18:18:00,8312880,15,0,0
100085,18:06:00,18:07:00,8312882,13,0,0
100085,17:56:00,17:57:00,8312885,11,0,0
100085,17:50:00,17:51:00,8312886,10,0,0
100085,17:45:00,17:46:00,8312887,9,0,0
100085,17:38:00,17:39:00,8312888,8,0,0
100085,17:33:00,17:34:00,8312889,6,0,0
100085,17:28:00,17:29:00,8312890,4,0,0
100085,17:20:00,17:20:00,8312891,1,0,1
100086,17:27:00,17:28:00,8312819,3,0,0
100086,18:46:00,18:46:00,8312878,18,0,0
100086,18:27:00,18:32:00,8312879,16,0,0
100086,18:19:00,18:20:00,8312880,15,0,0
100086,18:08:00,18:09:00,8312882,13,0,0
100086,17:58:00,17:59:00,8312885,11,0,0
100086,17:52:00,17:53:00,8312886,10,0,0
100086,17:47:00,17:48:00,8312887,9,0,0
100086,17:40:00,17:41:00,8312888,8,0,0
100086,17:35:00,17:36:00,8312889,6,0,0
100086,17:30:00,17:31:00,8312890,4,0,0
100086,17:22:00,17:22:00,8312891,1,0,1
100087,19:18:00,19:19:00,8312819,3,0,0
100087,20:29:00,20:29:00,8312878,18,0,0
100087,20:17:00,20:18:00,8312879,16,0,0
100087,20:10:00,20:11:00,8312880,15,0,0
100087,19:59:00,20:00:00,8312882,13,0,0
100087,19:49:00,19:50:00,8312885,11,0,0
100087,19:43:00,19:44:00,8312886,10,0,0
100087,19:38:00,19:39:00,8312887,9,0,0
100087,19:31:00,19:32:00,8312888,8,0,0
100087,19:26:00,19:27:00,8312889,6,0,0
100087,19:21:00,19:22:00,8312890,4,0,0
100087,19:13:00,19:13:00,8312891,1,0,1
100088,18:42:00,18:43:00,8312819,22,0,0
100088,16:38:00,16:38:00,8312869,1,0,1
100088,16:48:00,16:49:00,8312872,2,0,0
100088,16:57:00,16:58:00,8312873,3,0,0
100088,17:04:00,17:05:00,8312874,4,0,0
100088,17:19:00,17:20:00,8312876,6,0,0
100088,17:28:00,17:30:00,8312878,7,0,0
100088,17:40:00,17:41:00,8312879,9,0,0
100088,17:47:00,17:48:00,8312880,10,0,0
100088,18:00:00,18:01:00,8312882,12,0,0
100088,18:09:00,18:10:00,8312885,14,0,0
100088,18:15:00,18:16:00,8312886,15,0,0
100088,18:20:00,18:21:00,8312887,16,0,0
100088,18:28:00,18:29:00,8312888,17,0,0
100088,18:32:00,18:33:00,8312889,19,0,0
100088,18:38:00,18:39:00,8312890,21,0,0
100088,18:49:00,18:49:00,8312891,24,0,0
100089,19:25:00,19:26:00,8312819,3,0,0
100089,20:45:00,20:45:00,8312878,18,0,0
100089,20:26:00,20:31:00,8312879,16,0,0
100089,20:18:00,20:19:00,8312880,15,0,0
100089,20:06:00,20:07:00,8312882,13,0,0
100089,19:55:00,19:56:00,8312885,11,0,0
100089,19:49:00,19:50:00,8312886,10,0,0
100089,19:44:00,19:45:00,8312887,9,0,0
100089,19:37:00,19:38:00,8312888,8,0,0
100089,19:33:00,19:34:00,8312889,6,0,0
100089,19:28:00,19:29:00,8312890,4,0,0
100089,19:20:00,19:20:00,8312891,1,0,1
100090,19:25:00,19:26:00,8312819,3,0,0
100090,20:42:00,20:42:00,8312878,18,0,0
100090,20:25:00,20:30:00,8312879,16,0,0
100090,20:17:00,20:18:00,8312880,15,0,0
100090,20:06:00,20:07:00,8312882,13,0,0
100090,19:55:00,19:56:00,8312885,11,0,0
100090,19:50:00,19:51:00,8312886,10,0,0
100090,19:45:00,19:46:00,8312887,9,0,0
100090,19:38:00,19:39:00,8312888,8,0,0
100090,19:33:00,19:34:00,8312889,6,0,0
100090,19:28:00,19:29:00,8312890,4,0,0
100090,19:20:00,19:20:00,8312891,1,0,1
100091,19:27:00,19:28:00,8312819,3,0,0
100091,20:44:00,20:44:00,8312878,18,0,0
100091,20:27:00,20:32:00,8312879,16,0,0
100091,20:19:00,20:20:00,8312880,15,0,0
100091,20:08:00,20:09:00,8312882,13,0,0
100091,19:57:00,19:58:00,8312885,11,0,0
100091,19:52:00,19:53:00,8312886,10,0,0
100091,19:47:00,19:48:00,8312887,9,0,0
100091,19:40:00,19:41:00,8312888,8,0,0
100091,19:35:00,19:36:00,8312889,6,0,0
100091,19:30:00,19:31:00,8312890,4,0,0
100091,19:22:00,19:22:00,8312891,1,0,1
100092,19:37:00,19:38:00,8312819,22,0,0
100092,17:31:00,17:31:00,8312869,1,0,1
100092,17:41:00,17:42:00,8312872,2,0,0
100092,17:52:00,17:57:00,8312873,3,0,0
100092,18:03:00,18:04:00,8312874,4,0,0
100092,18:18:00,18:19:00,8312876,6,0,0
100092,18:28:00,18:30:00,8312878,7,0,0
100092,18:40:00,18:41:00,8312879,9,0,0
100092,18:47:00,18:48:00,8312880,10,0,0
100092,18:59:00,19:00:00,8312882,12,0,0
100092,19:09:00,19:10:00,8312885,14,0,0
100092,19:15:00,19:16:00,8312886,15,0,0
100092,19:21:00,19:22:00,8312887,16,0,0
100092,19:29:00,19:30:00,8312888,17,0,0
100092,19:45:00,19:45:00,8312891,24,0,0
100093,20:40:00,20:41:00,8312819,3,0,0
100093,21:49:00,21:49:00,8312878,18,0,0
100093,21:36:00,21:37:00,8312879,16,0,0
100093,21:29:00,21:30:00,8312880,15,0,0
100093,21:17:00,21:18:00,8312882,13,0,0
100093,21:07:00,21:08:00,8312885,11,0,0
100093,21:01:00,21:02:00,8312886,10,0,0
100093,20:56:00,20:57:00,8312887,9,0,0
100093,20:49:00,20:50:00,8312888,8,0,0
100093,20:35:00,20:35:00,8312891,1,0,1
100094,20:44:00,20:45:00,8312819,16,0,0
100094,19:30:00,19:30:00,8312878,1,0,1
100094,19:40:00,19:41:00,8312879,3,0,0
100094,19:47:00,19:48:00,8312880,4,0,0
100094,19:59:00,20:00:00,8312882,6,0,0
100094,20:09:00,20:10:00,8312885,8,0,0
100094,20:15:00,20:16:00,8312886,9,0,0
100094,20:21:00,20:22:00,8312887,10,0,0
100094,20:29:00,20:30:00,8312888,11,0,0
100094,20:34:00,20:35:00,8312889,13,0,0
100094,20:40:00,20:41:00,8312890,15,0,0
100094,20:52:00,20:52:00,8312891,18,0,0
100095,20:40:00,20:41:00,8312819,3,0,0
100095,21:59:00,21:59:00,8312878,18,0,0
100095,21:37:00,21:38:00,8312879,16,0,0
100095,21:30:00,21:31:00,8312880,15,0,0
100095,21:18:00,21:19:00,8312882,13,0,0
100095,21:08:00,21:09:00,8312885,11,0,0
100095,21:01:00,21:02:00,8312886,10,0,0
100095,20:56:00,20:57:00,8312887,9,0,0
100095,20:49:00,20:50:00,8312888,8,0,0
100095,20:35:00,20:35:00,8312891,1,0,1
100096,22:43:00,22:44:00,8312819,16,0,0
100096,21:30:00,21:30:00,8312878,1,0,1
100096,21:48:00,21:49:00,8312879,3,0,0
100096,21:55:00,21:56:00,8312880,4,0,0
100096,22:08:00,22:09:00,8312882,6,0,0
100096,22:17:00,22:18:00,8312885,8,0,0
100096,22:23:00,22:24:00,8312886,9,0,0
100096,22:28:00,22:29:00,8312887,10,0,0
100096,22:36:00,22:37:00,8312888,11,0,0
100096,22:50:00,22:50:00,8312891,18,0,0
100097,7:54:00,7:54:00,8312878,6,0,0
100097,7:37:00,7:42:00,8312879,4,0,0
100097,7:28:00,7:29:00,8312880,3,0,0
100097,7:17:00,7:17:00,8312882,1,0,1
100098,6:00:00,6:00:00,8312878,1,0,1
100098,6:10:00,6:11:00,8312879,3,0,0
100098,6:17:00,6:18:00,8312880,4,0,0
100098,6:30:00,6:30:00,8312882,6,0,0
100099,15:48:00,15:48:00,8312878,6,0,0
100099,15:35:00,15:36:00,8312879,4,0,0
100099,15:28:00,15:29:00,8312880,3,0,0
100099,15:17:00,15:17:00,8312882,1,0,1
100100,11:55:00,11:55:00,8312878,1,0,1
100100,12:05:00,12:06:00,8312879,3,0,0
100100,12:14:00,12:19:00,8312880,4,0,0
100100,12:32:00,12:32:00,8312882,6,0,0
100101,11:55:00,11:55:00,8312878,1,0,1
100101,12:05:00,12:06:00,8312879,3,0,0
100101,12:14:00,12:19:00,8312880,4,0,0
100101,12:32:00,12:32:00,8312882,6,0,0
100102,6:10:00,6:10:00,8312807,1,0,1
100102,6:31:00,6:32:00,8312816,5,0,0
100102,6:49:00,6:52:00,8312862,8,0,0
100103,7:50:00,7:50:00,8312855,9,0,0
100103,7:28:00,7:29:00,8312857,6,0,0
100103,7:15:00,7:16:00,8312859,5,0,0
100103,7:07:00,7:08:00,8312860,4,0,0
100103,6:52:00,6:52:00,8312862,1,0,1
100103,7:36:00,7:37:00,8312896,7,0,0
100104,8:16:00,8:16:00,8312807,1,0,1
100104,8:38:00,8:39:00,8312816,5,0,0
100104,8:55:00,8:55:00,8312862,8,0,0
100105,7:56:00,7:57:00,8312802,11,0,0
100105,7:42:00,7:43:00,8312807,8,0,0
100105,7:18:00,7:19:00,8312816,4,0,0
100105,7:59:00,7:59:00,8312818,12,0,0
100105,6:56:00,6:56:00,8312862,1,0,1
100106,8:15:00,8:15:00,8312807,1,0,1
100106,8:36:00,8:37:00,8312816,5,0,0
100106,8:53:00,8:53:00,8312862,8,0,0
100107,8:43:00,8:43:00,8312807,8,0,0
100107,8:11:00,8:12:00,8312816,4,0,0
100107,7:57:00,7:57:00,8312862,1,0,1
100108,9:17:00,9:17:00,8312807,1,0,1
100108,9:47:00,9:48:00,8312816,5,0,0
100108,10:04:00,10:04:00,8312862,8,0,0
100109,9:39:00,9:39:00,8312807,8,0,0
100109,9:15:00,9:16:00,8312816,4,0,0
100109,9:00:00,9:00:00,8312862,1,0,1
100110,12:02:00,12:02:00,8312807,1,0,1
100110,12:23:00,12:24:00,8312816,5,0,0
100110,12:41:00,12:43:00,8312862,8,0,0
100111,13:49:00,13:49:00,8312855,9,0,0
100111,13:19:00,13:20:00,8312857,6,0,0
100111,13:06:00,13:07:00,8312859,5,0,0
100111,12:58:00,12:59:00,8312860,4,0,0
100111,12:43:00,12:43:00,8312862,1,0,1
100111,13:28:00,13:29:00,8312896,7,0,0
100112,12:02:00,12:02:00,8312807,1,0,1
100112,12:23:00,12:24:00,8312816,5,0,0
100112,12:41:00,12:43:00,8312862,8,0,0
100113,13:49:00,13:49:00,8312855,9,0,0
100113,13:34:00,13:39:00,8312856,8,0,0
100113,13:19:00,13:20:00,8312857,6,0,0
100113,13:06:00,13:07:00,8312859,5,0,0
100113,12:58:00,12:59:00,8312860,4,0,0
100113,12:43:00,12:43:00,8312862,1,0,1
100113,13:28:00,13:29:00,8312896,7,0,0
100114,12:15:00,12:15:00,8312807,1,0,1
100114,12:36:00,12:37:00,8312816,5,0,0
100114,12:54:00,12:58:00,8312862,8,0,0
100115,13:57:00,13:57:00,8312855,9,0,0
100115,13:35:00,13:36:00,8312857,6,0,0
100115,13:22:00,13:23:00,8312859,5,0,0
100115,13:14:00,13:15:00,8312860,4,0,0
100115,12:58:00,12:58:00,8312862,1,0,1
100115,13:43:00,13:44:00,8312896,7,0,0
100116,16:15:00,16:15:00,8312807,1,0,1
100116,16:35:00,16:36:00,8312816,5,0,0
100116,16:53:00,17:00:00,8312862,8,0,0
100117,17:56:00,17:56:00,8312855,9,0,0
100117,17:36:00,17:37:00,8312857,6,0,0
100117,17:23:00,17:24:00,8312859,5,0,0
100117,17:15:00,17:16:00,8312860,4,0,0
100117,17:00:00,17:00:00,8312862,1,0,1
100118,16:29:00,16:29:00,8312807,1,0,1
100118,16:50:00,16:51:00,8312816,5,0,0
100118,17:08:00,17:16:00,8312862,8,0,0
100119,18:14:00,18:14:00,8312855,9,0,0
100119,17:53:00,17:54:00,8312857,6,0,0
100119,17:40:00,17:41:00,8312859,5,0,0
100119,17:32:00,17:33:00,8312860,4,0,0
100119,17:16:00,17:16:00,8312862,1,0,1
100119,18:01:00,18:02:00,8312896,7,0,0
100120,18:15:00,18:15:00,8312807,1,0,1
100120,18:36:00,18:37:00,8312816,5,0,0
100120,18:53:00,18:53:00,8312862,8,0,0
100121,19:39:00,19:39:00,8312807,8,0,0
100121,19:15:00,19:16:00,8312816,4,0,0
100121,19:00:00,19:00:00,8312862,1,0,1
100122,20:25:00,20:25:00,8312807,1,0,1
100122,20:46:00,20:47:00,8312816,5,0,0
100122,21:12:00,21:12:00,8312862,8,0,0
100123,20:50:00,20:50:00,8312807,8,0,0
100123,20:06:00,20:06:00,8312862,1,0,1
100124,20:25:00,20:25:00,8312807,1,0,1
100124,20:46:00,20:47:00,8312816,5,0,0
100124,21:03:00,21:03:00,8312862,8,0,0
100125,10:02:00,10:02:00,8312855,1,0,1
100125,10:20:00,10:21:00,8312857,4,0,0
100125,10:33:00,10:34:00,8312859,5,0,0
100125,10:41:00,10:42:00,8312860,6,0,0
100125,10:59:00,11:05:00,8312862,9,0,0
100126,11:45:00,11:45:00,8312807,8,0,0
100126,11:21:00,11:22:00,8312816,4,0,0
100126,11:05:00,11:05:00,8312862,1,0,1
100127,9:08:00,9:08:00,8312855,9,0,0
100127,8:48:00,8:49:00,8312857,6,0,0
100127,8:31:00,8:36:00,8312859,5,0,0
100127,8:21:00,8:22:00,8312860,4,0,0
100127,8:05:00,8:05:00,8312862,1,0,1
100127,8:57:00,8:57:00,8312896,7,0,0
100128,6:51:00,6:51:00,8312855,1,0,1
100128,7:10:00,7:11:00,8312857,4,0,0
100128,7:24:00,7:25:00,8312859,5,0,0
100128,7:32:00,7:33:00,8312860,6,0,0
100128,7:51:00,7:51:00,8312862,9,0,0
100129,10:00:00,10:00:00,8312855,9,0,0
100129,9:41:00,9:42:00,8312857,6,0,0
100129,9:28:00,9:29:00,8312859,5,0,0
100129,9:20:00,9:21:00,8312860,4,0,0
100129,9:04:00,9:04:00,8312862,1,0,1
100130,12:01:00,12:01:00,8312855,9,0,0
100130,11:40:00,11:41:00,8312857,6,0,0
100130,11:27:00,11:28:00,8312859,5,0,0
100130,11:18:00,11:19:00,8312860,4,0,0
100130,11:01:00,11:01:00,8312862,1,0,1
100131,10:00:00,10:00:00,8312855,1,0,1
100131,10:34:00,10:35:00,8312860,6,0,0
100131,10:53:00,11:00:00,8312862,9,0,0
100132,11:39:00,11:39:00,8312807,8,0,0
100132,11:15:00,11:16:00,8312816,4,0,0
100132,11:00:00,11:00:00,8312862,1,0,1
100133,14:01:00,14:01:00,8312855,1,0,1
100133,14:24:00,14:25:00,8312857,4,0,0
100133,14:36:00,14:37:00,8312859,5,0,0
100133,14:44:00,14:45:00,8312860,6,0,0
100133,15:03:00,15:10:00,8312862,9,0,0
100133,14:13:00,14:14:00,8312896,3,0,0
100134,15:51:00,15:51:00,8312807,8,0,0
100134,15:25:00,15:26:00,8312816,4,0,0
100134,15:10:00,15:10:00,8312862,1,0,1
100135,13:29:00,13:29:00,8312855,1,0,1
100135,13:50:00,13:51:00,8312857,4,0,0
100135,14:02:00,14:03:00,8312859,5,0,0
100135,14:10:00,14:11:00,8312860,6,0,0
100135,14:29:00,14:31:00,8312862,9,0,0
100135,13:40:00,13:41:00,8312896,3,0,0
100136,15:15:00,15:15:00,8312807,8,0,0
100136,14:47:00,14:52:00,8312816,4,0,0
100136,14:31:00,14:31:00,8312862,1,0,1
100137,12:30:00,12:30:00,8312855,1,0,1
100137,12:50:00,12:51:00,8312857,4,0,0
100137,13:02:00,13:03:00,8312859,5,0,0
100137,13:11:00,13:16:00,8312860,6,0,0
100137,13:34:00,13:36:00,8312862,9,0,0
100137,12:40:00,12:41:00,8312896,3,0,0
100138,14:15:00,14:15:00,8312807,8,0,0
100138,13:51:00,13:52:00,8312816,4,0,0
100138,13:36:00,13:36:00,8312862,1,0,1
100139,16:14:00,16:14:00,8312855,1,0,1
100139,16:35:00,16:36:00,8312857,4,0,0
100139,16:48:00,16:49:00,8312859,5,0,0
100139,16:56:00,16:57:00,8312860,6,0,0
100139,17:14:00,17:14:00,8312862,9,0,0
100139,16:25:00,16:26:00,8312896,3,0,0
100140,14:10:00,14:10:00,8312855,1,0,1
100140,14:31:00,14:32:00,8312857,4,0,0
100140,14:43:00,14:44:00,8312859,5,0,0
100140,14:51:00,14:52:00,8312860,6,0,0
100140,15:10:00,15:14:00,8312862,9,0,0
100140,14:21:00,14:22:00,8312896,3,0,0
100141,15:53:00,15:53:00,8312807,8,0,0
100141,15:29:00,15:30:00,8312816,4,0,0
100141,15:14:00,15:14:00,8312862,1,0,1
100142,18:52:00,18:52:00,8312855,1,0,1
100142,19:13:00,19:14:00,8312857,4,0,0
100142,19:27:00,19:32:00,8312859,5,0,0
100142,19:39:00,19:40:00,8312860,6,0,0
100142,19:58:00,19:58:00,8312862,9,0,0
100142,19:03:00,19:04:00,8312896,3,0,0
100143,20:02:00,20:02:00,8312855,9,0,0
100143,19:43:00,19:44:00,8312857,6,0,0
100143,19:30:00,19:31:00,8312859,5,0,0
100143,19:21:00,19:22:00,8312860,4,0,0
100143,19:05:00,19:05:00,8312862,1,0,1
100144,20:15:00,20:15:00,8312855,1,0,1
100144,20:36:00,20:37:00,8312857,4,0,0
100144,20:48:00,20:49:00,8312859,5,0,0
100144,20:56:00,20:57:00,8312860,6,0,0
100144,21:15:00,21:20:00,8312862,9,0,0
100144,20:26:00,20:27:00,8312896,3,0,0
100145,22:00:00,22:00:00,8312807,8,0,0
100145,21:35:00,21:36:00,8312816,4,0,0
100145,21:20:00,21:20:00,8312862,1,0,1
100146,20:07:00,20:07:00,8312855,1,0,1
100146,20:28:00,20:29:00,8312857,4,0,0
100146,20:40:00,20:41:00,8312859,5,0,0
100146,20:48:00,20:49:00,8312860,6,0,0
100146,21:06:00,21:08:00,8312862,9,0,0
100146,20:18:00,20:19:00,8312896,3,0,0
100147,21:48:00,21:48:00,8312807,8,0,0
100147,21:23:00,21:24:00,8312816,4,0,0
100147,21:08:00,21:08:00,8312862,1,0,1
100148,7:08:00,7:08:00,8312852,5,0,0
100148,6:58:00,6:59:00,8312854,3,0,0
100148,6:45:00,6:45:00,8312855,1,0,1
100148,6:54:00,6:55:00,8312895,2,0,0
100149,7:15:00,7:15:00,8312852,1,0,1
100149,7:22:00,7:23:00,8312854,3,0,0
100149,7:38:00,7:38:00,8312855,5,0,0
100149,7:26:00,7:27:00,8312895,4,0,0
100150,9:17:00,9:18:00,8312851,4,0,0
100150,9:24:00,9:24:00,8312852,5,0,0
100150,9:12:00,9:13:00,8312854,3,0,0
100150,8:58:00,8:58:00,8312855,1,0,1
100150,9:08:00,9:09:00,8312895,2,0,0
100151,9:35:00,9:36:00,8312851,2,0,0
100151,9:31:00,9:31:00,8312852,1,0,1
100151,9:40:00,9:41:00,8312854,3,0,0
100151,9:56:00,9:56:00,8312855,5,0,0
100151,9:44:00,9:45:00,8312895,4,0,0
100152,10:24:00,10:25:00,8312851,4,0,0
100152,10:31:00,10:31:00,8312852,5,0,0
100152,10:19:00,10:20:00,8312854,3,0,0
100152,10:05:00,10:05:00,8312855,1,0,1
100152,10:15:00,10:16:00,8312895,2,0,0
100153,10:42:00,10:43:00,8312851,2,0,0
100153,10:38:00,10:38:00,8312852,1,0,1
100153,10:47:00,10:48:00,8312854,3,0,0
100153,11:03:00,11:03:00,8312855,5,0,0
100153,10:51:00,10:52:00,8312895,4,0,0
100154,13:19:00,13:19:00,8312851,4,0,0
100154,13:25:00,13:25:00,8312852,5,0,0
100154,13:14:00,13:15:00,8312854,3,0,0
100154,13:00:00,13:00:00,8312855,1,0,1
100154,13:10:00,13:11:00,8312895,2,0,0
100155,13:40:00,13:40:00,8312851,2,0,0
100155,13:35:00,13:35:00,8312852,1,0,1
100155,13:44:00,13:45:00,8312854,3,0,0
100155,13:59:00,13:59:00,8312855,5,0,0
100155,13:48:00,13:49:00,8312895,4,0,0
100156,14:50:00,14:50:00,8312851,4,0,0
100156,14:55:00,14:55:00,8312852,5,0,0
100156,14:44:00,14:45:00,8312854,3,0,0
100156,14:30:00,14:30:00,8312855,1,0,1
100156,14:40:00,14:41:00,8312895,2,0,0
100157,15:30:00,15:30:00,8312851,2,0,0
100157,15:25:00,15:25:00,8312852,1,0,1
100157,15:34:00,15:35:00,8312854,3,0,0
100157,15:50:00,15:50:00,8312855,5,0,0
100157,15:38:00,15:39:00,8312895,4,0,0
100158,16:45:00,16:45:00,8312851,4,0,0
100158,16:51:00,16:51:00,8312852,5,0,0
100158,16:40:00,16:41:00,8312854,3,0,0
100158,16:26:00,16:26:00,8312855,1,0,1
100158,16:36:00,16:37:00,8312895,2,0,0
100159,17:36:00,17:36:00,8312851,2,0,0
100159,17:31:00,17:31:00,8312852,1,0,1
100159,17:40:00,17:41:00,8312854,3,0,0
100159,17:55:00,17:55:00,8312855,5,0,0
100159,17:44:00,17:45:00,8312895,4,0,0
100160,7:20:00,7:21:00,8312802,2,0,0
100160,7:36:00,7:36:00,8312807,5,0,0
100160,7:18:00,7:18:00,8312818,1,0,1
100161,7:05:00,7:06:00,8312802,4,0,0
100161,6:50:00,6:50:00,8312807,1,0,1
100161,7:08:00,7:08:00,8312818,5,0,0
100162,14:02:00,14:03:00,8312802,2,0,0
100162,14:18:00,14:18:00,8312807,5,0,0
100162,14:00:00,14:00:00,8312818,1,0,1
100163,9:01:00,9:02:00,8312802,4,0,0
100163,8:48:00,8:48:00,8312807,1,0,1
100163,9:05:00,9:05:00,8312818,5,0,0
100164,15:54:00,15:55:00,8312802,2,0,0
100164,16:10:00,16:10:00,8312807,5,0,0
100164,15:52:00,15:52:00,8312818,1,0,1
100165,13:48:00,13:49:00,8312802,4,0,0
100165,13:33:00,13:33:00,8312807,1,0,1
100165,13:51:00,13:51:00,8312818,5,0,0
100166,18:15:00,18:16:00,8312802,2,0,0
100166,18:31:00,18:31:00,8312807,5,0,0
100166,18:13:00,18:13:00,8312818,1,0,1
100167,14:41:00,14:42:00,8312802,4,0,0
100167,14:26:00,14:26:00,8312807,1,0,1
100167,14:44:00,14:44:00,8312818,5,0,0
100168,18:52:00,18:53:00,8312802,2,0,0
100168,19:08:00,19:08:00,8312807,5,0,0
100168,18:50:00,18:50:00,8312818,1,0,1
100169,9:54:00,9:55:00,8312802,2,0,0
100169,10:10:00,10:10:00,8312807,5,0,0
100169,9:52:00,9:52:00,8312818,1,0,1
100170,16:51:00,16:51:00,8312807,1,0,1
100170,17:14:00,17:19:00,8312816,5,0,0
100170,20:44:00,20:45:00,8312819,36,0,0
100170,17:33:00,17:41:00,8312862,8,0,0
100170,18:08:00,18:09:00,8312867,13,0,0
100170,18:35:00,18:36:00,8312869,15,0,0
100170,18:46:00,18:47:00,8312872,16,0,0
100170,18:55:00,18:56:00,8312873,17,0,0
100170,19:02:00,19:03:00,8312874,18,0,0
100170,19:18:00,19:19:00,8312876,20,0,0
100170,19:28:00,19:30:00,8312878,21,0,0
100170,19:40:00,19:41:00,8312879,23,0,0
100170,19:47:00,19:48:00,8312880,24,0,0
100170,19:59:00,20:00:00,8312882,26,0,0
100170,20:09:00,20:10:00,8312885,28,0,0
100170,20:15:00,20:16:00,8312886,29,0,0
100170,20:21:00,20:22:00,8312887,30,0,0
100170,20:29:00,20:30:00,8312888,31,0,0
100170,20:34:00,20:35:00,8312889,33,0,0
100170,20:40:00,20:41:00,8312890,35,0,0
100170,20:52:00,20:52:00,8312891,38,0,0
100171,16:19:00,16:19:00,8312855,22,0,0
100171,15:52:00,15:53:00,8312857,19,0,0
100171,15:39:00,15:40:00,8312859,18,0,0
100171,15:30:00,15:31:00,8312860,17,0,0
100171,15:09:00,15:14:00,8312862,14,0,0
100171,14:41:00,14:42:00,8312867,9,0,0
100171,14:25:00,14:26:00,8312869,7,0,0
100171,14:11:00,14:12:00,8312872,6,0,0
100171,14:02:00,14:03:00,8312873,5,0,0
100171,13:55:00,13:56:00,8312874,4,0,0
100171,13:40:00,13:41:00,8312876,2,0,0
100171,13:34:00,13:34:00,8312878,1,0,1
100172,6:00:00,6:00:00,8312855,1,0,1
100172,6:34:00,6:35:00,8312860,6,0,0
100172,6:51:00,6:54:00,8312862,9,0,0
100172,7:19:00,7:20:00,8312867,14,0,0
100172,7:38:00,7:38:00,8312869,16,0,0
100173,22:14:00,22:14:00,8312855,16,0,0
100173,21:53:00,21:54:00,8312857,13,0,0
100173,21:40:00,21:41:00,8312859,12,0,0
100173,21:32:00,21:33:00,8312860,11,0,0
100173,21:15:00,21:17:00,8312862,8,0,0
100173,20:47:00,20:48:00,8312867,3,0,0
100173,20:32:00,20:32:00,8312869,1,0,1
100174,9:45:00,9:45:00,8312807,38,0,0
100174,9:22:00,9:23:00,8312816,34,0,0
100174,6:29:00,6:30:00,8312819,3,0,0
100174,8:58:00,9:06:00,8312862,31,0,0
100174,8:30:00,8:31:00,8312867,26,0,0
100174,8:14:00,8:15:00,8312869,24,0,0
100174,7:53:00,7:54:00,8312873,22,0,0
100174,7:29:00,7:30:00,8312878,18,0,0
100174,7:18:00,7:19:00,8312879,16,0,0
100174,7:11:00,7:12:00,8312880,15,0,0
100174,6:58:00,7:00:00,8312882,13,0,0
100174,6:37:00,6:38:00,8312888,8,0,0
100174,6:24:00,6:24:00,8312891,1,0,1
100175,19:21:00,19:21:00,8312807,1,0,1
100175,19:43:00,19:44:00,8312816,5,0,0
100175,22:47:00,22:48:00,8312819,36,0,0
100175,20:01:00,20:09:00,8312862,8,0,0
100175,20:34:00,20:39:00,8312867,13,0,0
100175,20:56:00,20:57:00,8312869,15,0,0
100175,21:07:00,21:08:00,8312872,16,0,0
100175,21:16:00,21:17:00,8312873,17,0,0
100175,21:42:00,21:43:00,8312878,21,0,0
100175,21:53:00,21:54:00,8312879,23,0,0
100175,22:00:00,22:01:00,8312880,24,0,0
100175,22:12:00,22:13:00,8312882,26,0,0
100175,22:21:00,22:22:00,8312885,28,0,0
100175,22:27:00,22:28:00,8312886,29,0,0
100175,22:32:00,22:33:00,8312887,30,0,0
100175,22:40:00,22:41:00,8312888,31,0,0
100175,22:55:00,22:55:00,8312891,38,0,0
100176,12:28:00,12:29:00,8312819,3,0,0
100176,16:02:00,16:02:00,8312855,39,0,0
100176,15:43:00,15:44:00,8312857,36,0,0
100176,15:30:00,15:31:00,8312859,35,0,0
100176,15:22:00,15:23:00,8312860,34,0,0
100176,15:05:00,15:07:00,8312862,31,0,0
100176,14:36:00,14:37:00,8312867,26,0,0
100176,14:20:00,14:21:00,8312869,24,0,0
100176,14:08:00,14:09:00,8312872,23,0,0
100176,13:59:00,14:00:00,8312873,22,0,0
100176,13:52:00,13:53:00,8312874,21,0,0
100176,13:36:00,13:37:00,8312876,19,0,0
100176,13:29:00,13:30:00,8312878,18,0,0
100176,13:18:00,13:19:00,8312879,16,0,0
100176,13:11:00,13:12:00,8312880,15,0,0
100176,12:59:00,13:00:00,8312882,13,0,0
100176,12:37:00,12:38:00,8312888,8,0,0
100176,12:22:00,12:22:00,8312891,1,0,1
100177,7:15:00,7:15:00,8312807,1,0,1
100177,7:36:00,7:37:00,8312816,5,0,0
100177,10:24:00,10:25:00,8312819,36,0,0
100177,7:54:00,8:01:00,8312862,8,0,0
100177,8:27:00,8:32:00,8312867,13,0,0
100177,8:47:00,8:48:00,8312869,15,0,0
100177,9:04:00,9:05:00,8312873,17,0,0
100177,9:29:00,9:30:00,8312878,21,0,0
100177,9:40:00,9:41:00,8312879,23,0,0
100177,9:46:00,9:47:00,8312880,24,0,0
100177,9:59:00,10:00:00,8312882,26,0,0
100177,10:17:00,10:18:00,8312888,31,0,0
100177,10:31:00,10:31:00,8312891,38,0,0
100178,7:15:00,7:15:00,8312807,1,0,1
100178,7:36:00,7:37:00,8312816,5,0,0
100178,10:24:00,10:25:00,8312819,36,0,0
100178,7:54:00,8:01:00,8312862,8,0,0
100178,8:27:00,8:32:00,8312867,13,0,0
100178,8:47:00,8:48:00,8312869,15,0,0
100178,9:04:00,9:05:00,8312873,17,0,0
100178,9:29:00,9:30:00,8312878,21,0,0
100178,9:40:00,9:41:00,8312879,23,0,0
100178,9:46:00,9:47:00,8312880,24,0,0
100178,9:59:00,10:00:00,8312882,26,0,0
100178,10:17:00,10:18:00,8312888,31,0,0
100178,10:31:00,10:31:00,8312891,38,0,0
100179,18:10:00,18:11:00,8312802,41,0,0
100179,17:57:00,17:58:00,8312807,38,0,0
100179,17:33:00,17:34:00,8312816,34,0,0
100179,18:14:00,18:14:00,8312818,42,0,0
100179,14:18:00,14:19:00,8312819,3,0,0
100179,17:11:00,17:19:00,8312862,31,0,0
100179,16:43:00,16:44:00,8312867,26,0,0
100179,16:28:00,16:29:00,8312869,24,0,0
100179,16:15:00,16:16:00,8312872,23,0,0
100179,16:02:00,16:07:00,8312873,22,0,0
100179,15:53:00,15:54:00,8312874,21,0,0
100179,15:37:00,15:38:00,8312876,19,0,0
100179,15:29:00,15:31:00,8312878,18,0,0
100179,15:17:00,15:18:00,8312879,16,0,0
100179,15:10:00,15:11:00,8312880,15,0,0
100179,14:59:00,15:00:00,8312882,13,0,0
100179,14:47:00,14:48:00,8312885,11,0,0
100179,14:40:00,14:41:00,8312886,10,0,0
100179,14:35:00,14:36:00,8312887,9,0,0
100179,14:27:00,14:28:00,8312888,8,0,0
100179,14:13:00,14:13:00,8312891,1,0,1
100180,11:36:00,11:37:00,8312819,37,0,0
100180,8:02:00,8:02:00,8312855,1,0,1
100180,8:21:00,8:22:00,8312857,4,0,0
100180,8:34:00,8:35:00,8312859,5,0,0
100180,8:42:00,8:43:00,8312860,6,0,0
100180,9:01:00,9:03:00,8312862,9,0,0
100180,9:26:00,9:27:00,8312867,14,0,0
100180,9:45:00,9:46:00,8312869,16,0,0
100180,10:02:00,10:03:00,8312873,18,0,0
100180,10:29:00,10:30:00,8312878,22,0,0
100180,10:40:00,10:41:00,8312879,24,0,0
100180,10:47:00,10:48:00,8312880,25,0,0
100180,10:59:00,11:00:00,8312882,27,0,0
100180,11:08:00,11:09:00,8312885,29,0,0
100180,11:14:00,11:15:00,8312886,30,0,0
100180,11:19:00,11:20:00,8312887,31,0,0
100180,11:28:00,11:29:00,8312888,32,0,0
100180,11:44:00,11:44:00,8312891,39,0,0
100181,19:46:00,19:46:00,8312807,38,0,0
100181,19:15:00,19:16:00,8312816,34,0,0
100181,16:43:00,16:44:00,8312819,3,0,0
100181,18:53:00,19:00:00,8312862,31,0,0
100181,18:14:00,18:15:00,8312869,24,0,0
100181,17:55:00,17:56:00,8312873,22,0,0
100181,17:29:00,17:30:00,8312878,18,0,0
100181,17:06:00,17:07:00,8312882,13,0,0
100181,16:38:00,16:38:00,8312891,1,0,1
100182,19:46:00,19:46:00,8312807,38,0,0
100182,19:15:00,19:16:00,8312816,34,0,0
100182,16:43:00,16:44:00,8312819,3,0,0
100182,18:53:00,19:00:00,8312862,31,0,0
100182,18:14:00,18:15:00,8312869,24,0,0
100182,17:55:00,17:56:00,8312873,22,0,0
100182,17:29:00,17:30:00,8312878,18,0,0
100182,17:06:00,17:07:00,8312882,13,0,0
100182,16:38:00,16:38:00,8312891,1,0,1
100183,10:03:00,10:04:00,8312802,2,0,0
100183,10:17:00,10:18:00,8312807,5,0,0
100183,10:39:00,10:40:00,8312816,9,0,0
100183,10:01:00,10:01:00,8312818,1,0,1
100183,13:35:00,13:36:00,8312819,40,0,0
100183,10:56:00,11:04:00,8312862,12,0,0
100183,11:28:00,11:29:00,8312867,17,0,0
100183,11:46:00,11:47:00,8312869,19,0,0
100183,12:03:00,12:04:00,8312873,21,0,0
100183,12:28:00,12:30:00,8312878,25,0,0
100183,12:40:00,12:41:00,8312879,27,0,0
100183,12:47:00,12:48:00,8312880,28,0,0
100183,12:59:00,13:00:00,8312882,30,0,0
100183,13:08:00,13:09:00,8312885,32,0,0
100183,13:13:00,13:14:00,8312886,33,0,0
100183,13:18:00,13:19:00,8312887,34,0,0
100183,13:26:00,13:27:00,8312888,35,0,0
100183,13:43:00,13:43:00,8312891,42,0,0
100184,18:27:00,18:28:00,8312819,3,0,0
100184,22:03:00,22:03:00,8312855,39,0,0
100184,21:44:00,21:45:00,8312857,36,0,0
100184,21:31:00,21:32:00,8312859,35,0,0
100184,21:23:00,21:24:00,8312860,34,0,0
100184,21:06:00,21:08:00,8312862,31,0,0
100184,20:37:00,20:38:00,8312867,26,0,0
100184,20:21:00,20:22:00,8312869,24,0,0
100184,20:08:00,20:09:00,8312872,23,0,0
100184,19:59:00,20:00:00,8312873,22,0,0
100184,19:52:00,19:53:00,8312874,21,0,0
100184,19:36:00,19:37:00,8312876,19,0,0
100184,19:29:00,19:30:00,8312878,18,0,0
100184,19:17:00,19:18:00,8312879,16,0,0
100184,19:10:00,19:11:00,8312880,15,0,0
100184,18:59:00,19:00:00,8312882,13,0,0
100184,18:36:00,18:37:00,8312888,8,0,0
100184,18:22:00,18:22:00,8312891,1,0,1
100185,14:22:00,14:22:00,8312807,1,0,1
100185,14:43:00,14:44:00,8312816,5,0,0
100185,17:30:00,17:31:00,8312819,36,0,0
100185,15:00:00,15:08:00,8312862,8,0,0
100185,15:45:00,15:46:00,8312869,15,0,0
100185,15:56:00,15:57:00,8312872,16,0,0
100185,16:05:00,16:06:00,8312873,17,0,0
100185,16:28:00,16:30:00,8312878,21,0,0
100185,16:40:00,16:41:00,8312879,23,0,0
100185,16:47:00,16:48:00,8312880,24,0,0
100185,16:59:00,17:00:00,8312882,26,0,0
100185,17:22:00,17:23:00,8312888,31,0,0
100185,17:38:00,17:38:00,8312891,38,0,0
100186,5:31:00,5:32:00,8312819,3,0,0
100186,5:40:00,5:41:00,8312888,8,0,0
100186,5:26:00,5:26:00,8312891,1,0,1
100186,6:11:00,6:11:00,8312950,12,0,0
100186,6:01:00,6:03:00,8312952,11,0,0
100187,6:44:00,6:45:00,8312819,10,0,0
100187,6:31:00,6:32:00,8312888,5,0,0
100187,6:35:00,6:36:00,8312889,7,0,0
100187,6:40:00,6:41:00,8312890,9,0,0
100187,6:51:00,6:51:00,8312891,12,0,0
100187,5:54:00,5:54:00,8312950,1,0,1
100187,6:01:00,6:03:00,8312952,2,0,0
100187,6:13:00,6:18:00,8312954,3,0,0
100187,6:26:00,6:27:00,8312956,4,0,0
100188,6:20:00,6:21:00,8312819,3,0,0
100188,6:33:00,6:35:00,8312888,8,0,0
100188,6:28:00,6:29:00,8312889,6,0,0
100188,6:24:00,6:25:00,8312890,4,0,0
100188,6:15:00,6:15:00,8312891,1,0,1
100188,7:12:00,7:12:00,8312950,12,0,0
100188,7:01:00,7:03:00,8312952,11,0,0
100188,6:44:00,6:49:00,8312954,10,0,0
100189,6:20:00,6:21:00,8312819,3,0,0
100189,6:33:00,6:35:00,8312888,8,0,0
100189,6:28:00,6:29:00,8312889,6,0,0
100189,6:23:00,6:24:00,8312890,4,0,0
100189,6:15:00,6:15:00,8312891,1,0,1
100189,7:12:00,7:12:00,8312950,12,0,0
100189,7:01:00,7:03:00,8312952,11,0,0
100189,6:44:00,6:49:00,8312954,10,0,0
100190,7:16:00,7:17:00,8312819,10,0,0
100190,7:01:00,7:03:00,8312888,5,0,0
100190,7:07:00,7:08:00,8312889,7,0,0
100190,7:12:00,7:13:00,8312890,9,0,0
100190,7:23:00,7:23:00,8312891,12,0,0
100190,6:30:00,6:30:00,8312950,1,0,1
100190,6:37:00,6:38:00,8312952,2,0,0
100190,6:47:00,6:48:00,8312954,3,0,0
100190,6:56:00,6:57:00,8312956,4,0,0
100191,6:50:00,6:51:00,8312819,3,0,0
100191,7:03:00,7:05:00,8312888,8,0,0
100191,6:58:00,6:59:00,8312889,6,0,0
100191,6:53:00,6:54:00,8312890,4,0,0
100191,6:45:00,6:45:00,8312891,1,0,1
100191,7:39:00,7:39:00,8312950,12,0,0
100191,7:29:00,7:31:00,8312952,11,0,0
100191,7:16:00,7:17:00,8312954,10,0,0
100191,7:07:00,7:08:00,8312956,9,0,0
100192,6:50:00,6:51:00,8312819,3,0,0
100192,7:03:00,7:05:00,8312888,8,0,0
100192,6:58:00,6:59:00,8312889,6,0,0
100192,6:53:00,6:54:00,8312890,4,0,0
100192,6:45:00,6:45:00,8312891,1,0,1
100192,7:39:00,7:39:00,8312950,12,0,0
100192,7:29:00,7:31:00,8312952,11,0,0
100192,7:16:00,7:17:00,8312954,10,0,0
100192,7:07:00,7:08:00,8312956,9,0,0
100193,7:43:00,7:44:00,8312819,10,0,0
100193,7:31:00,7:32:00,8312888,5,0,0
100193,7:36:00,7:37:00,8312889,7,0,0
100193,7:50:00,7:50:00,8312891,12,0,0
100193,6:54:00,6:54:00,8312950,1,0,1
100193,7:01:00,7:03:00,8312952,2,0,0
100193,7:13:00,7:18:00,8312954,3,0,0
100193,7:26:00,7:27:00,8312956,4,0,0
100194,8:50:00,8:51:00,8312819,3,0,0
100194,9:03:00,9:04:00,8312888,8,0,0
100194,8:58:00,8:59:00,8312889,6,0,0
100194,8:53:00,8:54:00,8312890,4,0,0
100194,8:45:00,8:45:00,8312891,1,0,1
100194,9:39:00,9:39:00,8312950,12,0,0
100194,9:29:00,9:31:00,8312952,11,0,0
100194,9:17:00,9:18:00,8312954,10,0,0
100194,9:07:00,9:08:00,8312956,9,0,0
100195,8:05:00,8:06:00,8312819,10,0,0
100195,7:54:00,7:55:00,8312888,5,0,0
100195,7:59:00,8:00:00,8312889,7,0,0
100195,8:12:00,8:12:00,8312891,12,0,0
100195,7:22:00,7:22:00,8312950,1,0,1
100195,7:29:00,7:31:00,8312952,2,0,0
100195,7:40:00,7:41:00,8312954,3,0,0
100195,7:49:00,7:50:00,8312956,4,0,0
100196,8:05:00,8:06:00,8312819,10,0,0
100196,7:54:00,7:55:00,8312888,5,0,0
100196,7:59:00,8:00:00,8312889,7,0,0
100196,8:12:00,8:12:00,8312891,12,0,0
100196,7:22:00,7:22:00,8312950,1,0,1
100196,7:29:00,7:31:00,8312952,2,0,0
100196,7:40:00,7:41:00,8312954,3,0,0
100196,7:49:00,7:50:00,8312956,4,0,0
100197,10:50:00,10:51:00,8312819,3,0,0
100197,11:04:00,11:05:00,8312888,8,0,0
100197,10:58:00,10:59:00,8312889,6,0,0
100197,10:53:00,10:54:00,8312890,4,0,0
100197,10:45:00,10:45:00,8312891,1,0,1
100197,11:39:00,11:39:00,8312950,12,0,0
100197,11:29:00,11:31:00,8312952,11,0,0
100197,11:17:00,11:18:00,8312954,10,0,0
100197,11:08:00,11:09:00,8312956,9,0,0
100198,8:43:00,8:44:00,8312819,10,0,0
100198,8:30:00,8:31:00,8312888,5,0,0
100198,8:34:00,8:35:00,8312889,7,0,0
100198,8:39:00,8:40:00,8312890,9,0,0
100198,8:50:00,8:50:00,8312891,12,0,0
100198,7:54:00,7:54:00,8312950,1,0,1
100198,8:01:00,8:03:00,8312952,2,0,0
100198,8:13:00,8:18:00,8312954,3,0,0
100198,8:25:00,8:26:00,8312956,4,0,0
100199,12:50:00,12:51:00,8312819,3,0,0
100199,13:03:00,13:04:00,8312888,8,0,0
100199,12:58:00,12:59:00,8312889,6,0,0
100199,12:54:00,12:55:00,8312890,4,0,0
100199,12:45:00,12:45:00,8312891,1,0,1
100199,13:39:00,13:39:00,8312950,12,0,0
100199,13:29:00,13:31:00,8312952,11,0,0
100199,13:16:00,13:17:00,8312954,10,0,0
100199,13:07:00,13:08:00,8312956,9,0,0
100200,12:50:00,12:51:00,8312819,3,0,0
100200,13:03:00,13:04:00,8312888,8,0,0
100200,12:58:00,12:59:00,8312889,6,0,0
100200,12:53:00,12:54:00,8312890,4,0,0
100200,12:45:00,12:45:00,8312891,1,0,1
100200,13:39:00,13:39:00,8312950,12,0,0
100200,13:29:00,13:31:00,8312952,11,0,0
100200,13:16:00,13:17:00,8312954,10,0,0
100200,13:07:00,13:08:00,8312956,9,0,0
100201,10:08:00,10:09:00,8312819,10,0,0
100201,9:54:00,9:55:00,8312888,5,0,0
100201,9:59:00,10:00:00,8312889,7,0,0
100201,10:04:00,10:05:00,8312890,9,0,0
100201,10:15:00,10:15:00,8312891,12,0,0
100201,9:22:00,9:22:00,8312950,1,0,1
100201,9:29:00,9:31:00,8312952,2,0,0
100201,9:40:00,9:41:00,8312954,3,0,0
100201,9:49:00,9:50:00,8312956,4,0,0
100202,10:08:00,10:09:00,8312819,10,0,0
100202,9:54:00,9:55:00,8312888,5,0,0
100202,9:59:00,10:00:00,8312889,7,0,0
100202,10:04:00,10:05:00,8312890,9,0,0
100202,10:15:00,10:15:00,8312891,12,0,0
100202,9:22:00,9:22:00,8312950,1,0,1
100202,9:29:00,9:31:00,8312952,2,0,0
100202,9:40:00,9:41:00,8312954,3,0,0
100202,9:49:00,9:50:00,8312956,4,0,0
100203,14:23:00,14:24:00,8312819,3,0,0
100203,14:31:00,14:32:00,8312888,8,0,0
100203,14:18:00,14:18:00,8312891,1,0,1
100203,15:06:00,15:06:00,8312950,12,0,0
100203,14:57:00,14:58:00,8312952,11,0,0
100203,14:44:00,14:45:00,8312954,10,0,0
100203,14:35:00,14:36:00,8312956,9,0,0
100204,12:07:00,12:08:00,8312819,10,0,0
100204,11:55:00,11:56:00,8312888,5,0,0
100204,11:59:00,12:00:00,8312889,7,0,0
100204,12:04:00,12:05:00,8312890,9,0,0
100204,12:14:00,12:14:00,8312891,12,0,0
100204,11:22:00,11:22:00,8312950,1,0,1
100204,11:29:00,11:31:00,8312952,2,0,0
100204,11:41:00,11:42:00,8312954,3,0,0
100204,11:50:00,11:51:00,8312956,4,0,0
100205,14:50:00,14:51:00,8312819,3,0,0
100205,15:03:00,15:04:00,8312888,8,0,0
100205,14:58:00,14:59:00,8312889,6,0,0
100205,14:53:00,14:54:00,8312890,4,0,0
100205,14:45:00,14:45:00,8312891,1,0,1
100205,15:39:00,15:39:00,8312950,12,0,0
100205,15:29:00,15:31:00,8312952,11,0,0
100205,15:17:00,15:18:00,8312954,10,0,0
100205,15:07:00,15:08:00,8312956,9,0,0
100206,14:06:00,14:07:00,8312819,10,0,0
100206,13:54:00,13:55:00,8312888,5,0,0
100206,13:58:00,13:59:00,8312889,7,0,0
100206,14:03:00,14:04:00,8312890,9,0,0
100206,14:13:00,14:13:00,8312891,12,0,0
100206,13:22:00,13:22:00,8312950,1,0,1
100206,13:29:00,13:31:00,8312952,2,0,0
100206,13:40:00,13:41:00,8312954,3,0,0
100206,13:49:00,13:50:00,8312956,4,0,0
100207,16:50:00,16:51:00,8312819,3,0,0
100207,17:04:00,17:05:00,8312888,8,0,0
100207,16:58:00,16:59:00,8312889,6,0,0
100207,16:53:00,16:54:00,8312890,4,0,0
100207,16:45:00,16:45:00,8312891,1,0,1
100207,17:39:00,17:39:00,8312950,12,0,0
100207,17:29:00,17:31:00,8312952,11,0,0
100207,17:17:00,17:18:00,8312954,10,0,0
100207,17:08:00,17:09:00,8312956,9,0,0
100208,16:05:00,16:06:00,8312819,10,0,0
100208,15:54:00,15:55:00,8312888,5,0,0
100208,15:59:00,16:00:00,8312889,7,0,0
100208,16:12:00,16:12:00,8312891,12,0,0
100208,15:22:00,15:22:00,8312950,1,0,1
100208,15:29:00,15:31:00,8312952,2,0,0
100208,15:40:00,15:41:00,8312954,3,0,0
100208,15:48:00,15:49:00,8312956,4,0,0
100209,16:05:00,16:06:00,8312819,10,0,0
100209,15:54:00,15:55:00,8312888,5,0,0
100209,15:59:00,16:00:00,8312889,7,0,0
100209,16:12:00,16:12:00,8312891,12,0,0
100209,15:22:00,15:22:00,8312950,1,0,1
100209,15:29:00,15:31:00,8312952,2,0,0
100209,15:40:00,15:41:00,8312954,3,0,0
100209,15:48:00,15:49:00,8312956,4,0,0
100210,16:50:00,16:51:00,8312819,3,0,0
100210,17:03:00,17:04:00,8312888,8,0,0
100210,16:58:00,16:59:00,8312889,6,0,0
100210,16:53:00,16:54:00,8312890,4,0,0
100210,16:45:00,16:45:00,8312891,1,0,1
100210,17:39:00,17:39:00,8312950,12,0,0
100210,17:29:00,17:31:00,8312952,11,0,0
100210,17:16:00,17:17:00,8312954,10,0,0
100210,17:07:00,17:08:00,8312956,9,0,0
100211,16:38:00,16:39:00,8312819,10,0,0
100211,16:30:00,16:31:00,8312888,5,0,0
100211,16:45:00,16:45:00,8312891,12,0,0
100211,15:54:00,15:54:00,8312950,1,0,1
100211,16:01:00,16:02:00,8312952,2,0,0
100211,16:13:00,16:18:00,8312954,3,0,0
100211,16:25:00,16:26:00,8312956,4,0,0
100212,18:50:00,18:51:00,8312819,3,0,0
100212,19:03:00,19:04:00,8312888,8,0,0
100212,18:58:00,18:59:00,8312889,6,0,0
100212,18:53:00,18:54:00,8312890,4,0,0
100212,18:45:00,18:45:00,8312891,1,0,1
100212,19:39:00,19:39:00,8312950,12,0,0
100212,19:29:00,19:31:00,8312952,11,0,0
100212,19:17:00,19:18:00,8312954,10,0,0
100212,19:07:00,19:08:00,8312956,9,0,0
100213,18:04:00,18:05:00,8312819,10,0,0
100213,17:54:00,17:55:00,8312888,5,0,0
100213,17:58:00,17:59:00,8312889,7,0,0
100213,18:12:00,18:12:00,8312891,12,0,0
100213,17:22:00,17:22:00,8312950,1,0,1
100213,17:29:00,17:31:00,8312952,2,0,0
100213,17:40:00,17:41:00,8312954,3,0,0
100213,17:49:00,17:50:00,8312956,4,0,0
100214,20:50:00,20:51:00,8312819,3,0,0
100214,21:04:00,21:05:00,8312888,8,0,0
100214,20:58:00,20:59:00,8312889,6,0,0
100214,20:53:00,20:54:00,8312890,4,0,0
100214,20:45:00,20:45:00,8312891,1,0,1
100214,21:38:00,21:38:00,8312950,12,0,0
100214,21:29:00,21:30:00,8312952,11,0,0
100214,21:17:00,21:18:00,8312954,10,0,0
100214,21:08:00,21:09:00,8312956,9,0,0
100215,18:05:00,18:06:00,8312819,10,0,0
100215,17:55:00,17:56:00,8312888,5,0,0
100215,17:59:00,18:00:00,8312889,7,0,0
100215,18:12:00,18:12:00,8312891,12,0,0
100215,17:22:00,17:22:00,8312950,1,0,1
100215,17:29:00,17:31:00,8312952,2,0,0
100215,17:41:00,17:42:00,8312954,3,0,0
100215,17:50:00,17:51:00,8312956,4,0,0
100216,20:06:00,20:07:00,8312819,10,0,0
100216,19:54:00,19:55:00,8312888,5,0,0
100216,19:58:00,19:59:00,8312889,7,0,0
100216,20:03:00,20:04:00,8312890,9,0,0
100216,20:13:00,20:13:00,8312891,12,0,0
100216,19:22:00,19:22:00,8312950,1,0,1
100216,19:29:00,19:31:00,8312952,2,0,0
100216,19:40:00,19:41:00,8312954,3,0,0
100216,19:49:00,19:50:00,8312956,4,0,0
100217,6:48:00,6:48:00,8312950,2,0,0
100217,6:39:00,6:39:00,8312952,1,0,1
100218,6:26:00,6:26:00,8312950,1,0,1
100218,6:33:00,6:33:00,8312952,2,0,0
100219,8:43:00,8:43:00,8312950,2,0,0
100219,8:34:00,8:34:00,8312952,1,0,1
100220,8:19:00,8:19:00,8312950,1,0,1
100220,8:26:00,8:26:00,8312952,2,0,0
100221,10:43:00,10:43:00,8312950,2,0,0
100221,10:34:00,10:34:00,8312952,1,0,1
100222,10:19:00,10:19:00,8312950,1,0,1
100222,10:26:00,10:26:00,8312952,2,0,0
100223,10:43:00,10:43:00,8312950,2,0,0
100223,10:34:00,10:34:00,8312952,1,0,1
100224,10:19:00,10:19:00,8312950,1,0,1
100224,10:26:00,10:26:00,8312952,2,0,0
100225,12:43:00,12:43:00,8312950,2,0,0
100225,12:34:00,12:34:00,8312952,1,0,1
100226,12:19:00,12:19:00,8312950,1,0,1
100226,12:26:00,12:26:00,8312952,2,0,0
100227,12:43:00,12:43:00,8312950,2,0,0
100227,12:34:00,12:34:00,8312952,1,0,1
100228,12:19:00,12:19:00,8312950,1,0,1
100228,12:26:00,12:26:00,8312952,2,0,0
100229,14:43:00,14:43:00,8312950,2,0,0
100229,14:34:00,14:34:00,8312952,1,0,1
100230,14:19:00,14:19:00,8312950,1,0,1
100230,14:26:00,14:26:00,8312952,2,0,0
100231,16:43:00,16:43:00,8312950,2,0,0
100231,16:34:00,16:34:00,8312952,1,0,1
100232,16:19:00,16:19:00,8312950,1,0,1
100232,16:26:00,16:26:00,8312952,2,0,0
100233,18:43:00,18:43:00,8312950,2,0,0
100233,18:34:00,18:34:00,8312952,1,0,1
100234,18:19:00,18:19:00,8312950,1,0,1
100234,18:26:00,18:26:00,8312952,2,0,0
100235,20:43:00,20:43:00,8312950,2,0,0
100235,20:34:00,20:34:00,8312952,1,0,1
100236,18:19:00,18:19:00,8312950,1,0,1
100236,18:26:00,18:26:00,8312952,2,0,0
100237,20:19:00,20:19:00,8312950,1,0,1
100237,20:26:00,20:26:00,8312952,2,0,0
100238,5:50:00,5:51:00,8312819,3,0,0
100238,6:03:00,6:04:00,8312888,8,0,0
100238,5:58:00,5:59:00,8312889,6,0,0
100238,5:53:00,5:54:00,8312890,4,0,0
100238,5:45:00,5:45:00,8312891,1,0,1
100238,6:29:00,6:35:00,8312952,11,0,0
100238,6:16:00,6:17:00,8312954,10,0,0
100238,6:06:00,6:07:00,8312956,9,0,0
100238,6:52:00,6:52:00,8313703,15,0,0
100239,7:16:00,7:17:00,8312819,13,0,0
100239,7:01:00,7:02:00,8312888,8,0,0
100239,7:06:00,7:07:00,8312889,10,0,0
100239,7:12:00,7:13:00,8312890,12,0,0
100239,7:23:00,7:23:00,8312891,15,0,0
100239,6:33:00,6:38:00,8312952,5,0,0
100239,6:47:00,6:48:00,8312954,6,0,0
100239,6:56:00,6:57:00,8312956,7,0,0
100239,6:16:00,6:16:00,8313703,1,0,1
100240,7:16:00,7:17:00,8312819,13,0,0
100240,7:01:00,7:02:00,8312888,8,0,0
100240,7:06:00,7:07:00,8312889,10,0,0
100240,7:12:00,7:13:00,8312890,12,0,0
100240,7:23:00,7:23:00,8312891,15,0,0
100240,6:33:00,6:38:00,8312952,5,0,0
100240,6:47:00,6:48:00,8312954,6,0,0
100240,6:56:00,6:57:00,8312956,7,0,0
100240,6:16:00,6:16:00,8313703,1,0,1
100241,7:50:00,7:51:00,8312819,3,0,0
100241,8:03:00,8:04:00,8312888,8,0,0
100241,7:58:00,7:59:00,8312889,6,0,0
100241,7:53:00,7:54:00,8312890,4,0,0
100241,7:45:00,7:45:00,8312891,1,0,1
100241,8:29:00,8:31:00,8312952,11,0,0
100241,8:17:00,8:18:00,8312954,10,0,0
100241,8:07:00,8:08:00,8312956,9,0,0
100241,8:47:00,8:47:00,8313703,15,0,0
100242,9:08:00,9:09:00,8312819,13,0,0
100242,8:54:00,8:55:00,8312888,8,0,0
100242,8:59:00,9:00:00,8312889,10,0,0
100242,9:04:00,9:05:00,8312890,12,0,0
100242,9:15:00,9:15:00,8312891,15,0,0
100242,8:26:00,8:31:00,8312952,5,0,0
100242,8:40:00,8:41:00,8312954,6,0,0
100242,8:49:00,8:50:00,8312956,7,0,0
100242,8:10:00,8:10:00,8313703,1,0,1
100243,9:50:00,9:51:00,8312819,3,0,0
100243,10:03:00,10:04:00,8312888,8,0,0
100243,9:58:00,9:59:00,8312889,6,0,0
100243,9:53:00,9:54:00,8312890,4,0,0
100243,9:45:00,9:45:00,8312891,1,0,1
100243,10:29:00,10:31:00,8312952,11,0,0
100243,10:17:00,10:18:00,8312954,10,0,0
100243,10:07:00,10:08:00,8312956,9,0,0
100243,10:47:00,10:47:00,8313703,15,0,0
100244,11:08:00,11:09:00,8312819,13,0,0
100244,10:54:00,10:55:00,8312888,8,0,0
100244,10:59:00,11:00:00,8312889,10,0,0
100244,11:04:00,11:05:00,8312890,12,0,0
100244,11:15:00,11:15:00,8312891,15,0,0
100244,10:26:00,10:31:00,8312952,5,0,0
100244,10:40:00,10:41:00,8312954,6,0,0
100244,10:49:00,10:50:00,8312956,7,0,0
100244,10:10:00,10:10:00,8313703,1,0,1
100245,9:50:00,9:51:00,8312819,3,0,0
100245,10:03:00,10:04:00,8312888,8,0,0
100245,9:58:00,9:59:00,8312889,6,0,0
100245,9:53:00,9:54:00,8312890,4,0,0
100245,9:45:00,9:45:00,8312891,1,0,1
100245,10:29:00,10:31:00,8312952,11,0,0
100245,10:17:00,10:18:00,8312954,10,0,0
100245,10:07:00,10:08:00,8312956,9,0,0
100245,10:47:00,10:47:00,8313703,15,0,0
100246,11:11:00,11:12:00,8312819,13,0,0
100246,10:55:00,11:00:00,8312888,8,0,0
100246,11:03:00,11:04:00,8312889,10,0,0
100246,11:08:00,11:09:00,8312890,12,0,0
100246,11:19:00,11:19:00,8312891,15,0,0
100246,10:26:00,10:31:00,8312952,5,0,0
100246,10:40:00,10:41:00,8312954,6,0,0
100246,10:49:00,10:50:00,8312956,7,0,0
100246,10:10:00,10:10:00,8313703,1,0,1
100247,11:50:00,11:51:00,8312819,3,0,0
100247,12:03:00,12:04:00,8312888,8,0,0
100247,11:58:00,11:59:00,8312889,6,0,0
100247,11:53:00,11:54:00,8312890,4,0,0
100247,11:45:00,11:45:00,8312891,1,0,1
100247,12:29:00,12:31:00,8312952,11,0,0
100247,12:17:00,12:18:00,8312954,10,0,0
100247,12:07:00,12:08:00,8312956,9,0,0
100247,12:47:00,12:47:00,8313703,15,0,0
100248,13:11:00,13:12:00,8312819,13,0,0
100248,12:55:00,13:00:00,8312888,8,0,0
100248,13:03:00,13:04:00,8312889,10,0,0
100248,13:08:00,13:09:00,8312890,12,0,0
100248,13:19:00,13:19:00,8312891,15,0,0
100248,12:26:00,12:31:00,8312952,5,0,0
100248,12:40:00,12:41:00,8312954,6,0,0
100248,12:49:00,12:50:00,8312956,7,0,0
100248,12:10:00,12:10:00,8313703,1,0,1
100249,13:06:00,13:07:00,8312819,13,0,0
100249,12:54:00,12:55:00,8312888,8,0,0
100249,12:58:00,12:59:00,8312889,10,0,0
100249,13:03:00,13:04:00,8312890,12,0,0
100249,13:13:00,13:13:00,8312891,15,0,0
100249,12:26:00,12:31:00,8312952,5,0,0
100249,12:40:00,12:41:00,8312954,6,0,0
100249,12:49:00,12:50:00,8312956,7,0,0
100249,12:10:00,12:10:00,8313703,1,0,1
100250,11:50:00,11:51:00,8312819,3,0,0
100250,12:03:00,12:04:00,8312888,8,0,0
100250,11:58:00,11:59:00,8312889,6,0,0
100250,11:53:00,11:54:00,8312890,4,0,0
100250,11:45:00,11:45:00,8312891,1,0,1
100250,12:29:00,12:31:00,8312952,11,0,0
100250,12:17:00,12:18:00,8312954,10,0,0
100250,12:07:00,12:08:00,8312956,9,0,0
100250,12:47:00,12:47:00,8313703,15,0,0
100251,13:07:00,13:08:00,8312819,13,0,0
100251,12:54:00,12:55:00,8312888,8,0,0
100251,12:59:00,13:00:00,8312889,10,0,0
100251,13:04:00,13:05:00,8312890,12,0,0
100251,13:15:00,13:15:00,8312891,15,0,0
100251,12:26:00,12:31:00,8312952,5,0,0
100251,12:40:00,12:41:00,8312954,6,0,0
100251,12:49:00,12:50:00,8312956,7,0,0
100251,12:10:00,12:10:00,8313703,1,0,1
100252,13:50:00,13:51:00,8312819,3,0,0
100252,14:03:00,14:04:00,8312888,8,0,0
100252,13:58:00,13:59:00,8312889,6,0,0
100252,13:53:00,13:54:00,8312890,4,0,0
100252,13:45:00,13:45:00,8312891,1,0,1
100252,14:29:00,14:31:00,8312952,11,0,0
100252,14:16:00,14:17:00,8312954,10,0,0
100252,14:07:00,14:08:00,8312956,9,0,0
100252,14:47:00,14:47:00,8313703,15,0,0
100253,15:05:00,15:06:00,8312819,13,0,0
100253,14:53:00,14:54:00,8312888,8,0,0
100253,14:57:00,14:58:00,8312889,10,0,0
100253,15:02:00,15:03:00,8312890,12,0,0
100253,15:12:00,15:12:00,8312891,15,0,0
100253,14:26:00,14:31:00,8312952,5,0,0
100253,14:40:00,14:41:00,8312954,6,0,0
100253,14:48:00,14:49:00,8312956,7,0,0
100253,14:10:00,14:10:00,8313703,1,0,1
100254,15:50:00,15:51:00,8312819,3,0,0
100254,16:03:00,16:04:00,8312888,8,0,0
100254,15:58:00,15:59:00,8312889,6,0,0
100254,15:53:00,15:54:00,8312890,4,0,0
100254,15:45:00,15:45:00,8312891,1,0,1
100254,16:29:00,16:31:00,8312952,11,0,0
100254,16:16:00,16:17:00,8312954,10,0,0
100254,16:07:00,16:08:00,8312956,9,0,0
100254,16:47:00,16:47:00,8313703,15,0,0
100255,15:11:00,15:12:00,8312819,13,0,0
100255,14:59:00,15:00:00,8312888,8,0,0
100255,15:03:00,15:04:00,8312889,10,0,0
100255,15:08:00,15:09:00,8312890,12,0,0
100255,15:19:00,15:19:00,8312891,15,0,0
100255,14:26:00,14:31:00,8312952,5,0,0
100255,14:41:00,14:46:00,8312954,6,0,0
100255,14:54:00,14:55:00,8312956,7,0,0
100255,14:10:00,14:10:00,8313703,1,0,1
100256,17:50:00,17:51:00,8312819,3,0,0
100256,18:03:00,18:04:00,8312888,8,0,0
100256,17:58:00,17:59:00,8312889,6,0,0
100256,17:53:00,17:54:00,8312890,4,0,0
100256,17:45:00,17:45:00,8312891,1,0,1
100256,18:29:00,18:31:00,8312952,11,0,0
100256,18:17:00,18:18:00,8312954,10,0,0
100256,18:07:00,18:08:00,8312956,9,0,0
100256,18:47:00,18:47:00,8313703,15,0,0
100257,17:09:00,17:10:00,8312819,13,0,0
100257,16:54:00,16:55:00,8312888,8,0,0
100257,16:59:00,17:00:00,8312889,10,0,0
100257,17:05:00,17:06:00,8312890,12,0,0
100257,17:16:00,17:16:00,8312891,15,0,0
100257,16:26:00,16:31:00,8312952,5,0,0
100257,16:40:00,16:41:00,8312954,6,0,0
100257,16:49:00,16:50:00,8312956,7,0,0
100257,16:10:00,16:10:00,8313703,1,0,1
100258,19:50:00,19:51:00,8312819,3,0,0
100258,20:03:00,20:04:00,8312888,8,0,0
100258,19:58:00,19:59:00,8312889,6,0,0
100258,19:54:00,19:55:00,8312890,4,0,0
100258,19:45:00,19:45:00,8312891,1,0,1
100258,20:29:00,20:31:00,8312952,11,0,0
100258,20:16:00,20:17:00,8312954,10,0,0
100258,20:07:00,20:08:00,8312956,9,0,0
100258,20:47:00,20:47:00,8313703,15,0,0
100259,19:50:00,19:51:00,8312819,3,0,0
100259,20:03:00,20:04:00,8312888,8,0,0
100259,19:58:00,19:59:00,8312889,6,0,0
100259,19:53:00,19:54:00,8312890,4,0,0
100259,19:45:00,19:45:00,8312891,1,0,1
100259,20:29:00,20:31:00,8312952,11,0,0
100259,20:16:00,20:17:00,8312954,10,0,0
100259,20:07:00,20:08:00,8312956,9,0,0
100259,20:47:00,20:47:00,8313703,15,0,0
100260,19:08:00,19:09:00,8312819,13,0,0
100260,18:54:00,18:55:00,8312888,8,0,0
100260,18:59:00,19:00:00,8312889,10,0,0
100260,19:04:00,19:05:00,8312890,12,0,0
100260,19:15:00,19:15:00,8312891,15,0,0
100260,18:26:00,18:31:00,8312952,5,0,0
100260,18:40:00,18:41:00,8312954,6,0,0
100260,18:49:00,18:50:00,8312956,7,0,0
100260,18:10:00,18:10:00,8313703,1,0,1
100261,19:08:00,19:09:00,8312819,13,0,0
100261,18:54:00,18:55:00,8312888,8,0,0
100261,18:59:00,19:00:00,8312889,10,0,0
100261,19:04:00,19:05:00,8312890,12,0,0
100261,19:15:00,19:15:00,8312891,15,0,0
100261,18:26:00,18:31:00,8312952,5,0,0
100261,18:40:00,18:41:00,8312954,6,0,0
100261,18:49:00,18:50:00,8312956,7,0,0
100261,18:10:00,18:10:00,8313703,1,0,1
100262,19:11:00,19:12:00,8312819,13,0,0
100262,18:55:00,19:00:00,8312888,8,0,0
100262,19:03:00,19:04:00,8312889,10,0,0
100262,19:08:00,19:09:00,8312890,12,0,0
100262,19:19:00,19:19:00,8312891,15,0,0
100262,18:26:00,18:31:00,8312952,5,0,0
100262,18:40:00,18:41:00,8312954,6,0,0
100262,18:49:00,18:50:00,8312956,7,0,0
100262,18:10:00,18:10:00,8313703,1,0,1
100263,19:06:00,19:07:00,8312819,13,0,0
100263,18:54:00,18:55:00,8312888,8,0,0
100263,18:58:00,18:59:00,8312889,10,0,0
100263,19:03:00,19:04:00,8312890,12,0,0
100263,19:14:00,19:14:00,8312891,15,0,0
100263,18:26:00,18:31:00,8312952,5,0,0
100263,18:40:00,18:41:00,8312954,6,0,0
100263,18:49:00,18:50:00,8312956,7,0,0
100263,18:10:00,18:10:00,8313703,1,0,1
100264,21:12:00,21:13:00,8312819,13,0,0
100264,20:55:00,21:00:00,8312888,8,0,0
100264,21:03:00,21:04:00,8312889,10,0,0
100264,21:08:00,21:09:00,8312890,12,0,0
100264,21:19:00,21:19:00,8312891,15,0,0
100264,20:26:00,20:31:00,8312952,5,0,0
100264,20:40:00,20:41:00,8312954,6,0,0
100264,20:49:00,20:50:00,8312956,7,0,0
100264,20:10:00,20:10:00,8313703,1,0,1
100265,21:12:00,21:13:00,8312819,13,0,0
100265,20:55:00,21:00:00,8312888,8,0,0
100265,21:03:00,21:04:00,8312889,10,0,0
100265,21:08:00,21:09:00,8312890,12,0,0
100265,21:19:00,21:19:00,8312891,15,0,0
100265,20:26:00,20:31:00,8312952,5,0,0
100265,20:40:00,20:41:00,8312954,6,0,0
100265,20:49:00,20:50:00,8312956,7,0,0
100265,20:10:00,20:10:00,8313703,1,0,1
100266,21:07:00,21:08:00,8312819,13,0,0
100266,20:54:00,20:55:00,8312888,8,0,0
100266,20:58:00,20:59:00,8312889,10,0,0
100266,21:03:00,21:04:00,8312890,12,0,0
100266,21:14:00,21:14:00,8312891,15,0,0
100266,20:26:00,20:31:00,8312952,5,0,0
100266,20:40:00,20:41:00,8312954,6,0,0
100266,20:49:00,20:50:00,8312956,7,0,0
100266,20:10:00,20:10:00,8313703,1,0,1
100267,7:34:00,7:34:00,8312952,1,0,1
100267,7:51:00,7:51:00,8313703,5,0,0
100268,7:26:00,7:26:00,8312952,5,0,0
100268,7:10:00,7:10:00,8313703,1,0,1
100269,9:34:00,9:34:00,8312952,1,0,1
100269,9:51:00,9:51:00,8313703,5,0,0
100270,9:26:00,9:26:00,8312952,5,0,0
100270,9:10:00,9:10:00,8313703,1,0,1
100271,11:34:00,11:34:00,8312952,1,0,1
100271,11:50:00,11:50:00,8313703,5,0,0
100272,11:26:00,11:26:00,8312952,5,0,0
100272,11:10:00,11:10:00,8313703,1,0,1
100273,13:34:00,13:34:00,8312952,1,0,1
100273,13:50:00,13:50:00,8313703,5,0,0
100274,13:26:00,13:26:00,8312952,5,0,0
100274,13:10:00,13:10:00,8313703,1,0,1
100275,15:34:00,15:34:00,8312952,1,0,1
100275,15:50:00,15:50:00,8313703,5,0,0
100276,15:26:00,15:26:00,8312952,5,0,0
100276,15:10:00,15:10:00,8313703,1,0,1
100277,17:34:00,17:34:00,8312952,1,0,1
100277,17:50:00,17:50:00,8313703,5,0,0
100278,17:26:00,17:26:00,8312952,5,0,0
100278,17:10:00,17:10:00,8313703,1,0,1
100279,17:34:00,17:34:00,8312952,1,0,1
100279,17:50:00,17:50:00,8313703,5,0,0
100280,17:26:00,17:26:00,8312952,5,0,0
100280,17:10:00,17:10:00,8313703,1,0,1
100281,19:34:00,19:34:00,8312952,1,0,1
100281,19:50:00,19:50:00,8313703,5,0,0
100282,19:26:00,19:26:00,8312952,5,0,0
100282,19:10:00,19:10:00,8313703,1,0,1
100283,5:40:00,5:41:00,8312808,7,0,0
100283,5:34:00,5:35:00,8312809,5,0,0
100283,5:22:00,5:23:00,8312810,2,0,0
100283,5:27:00,5:28:00,8312819,3,0,0
100283,5:46:00,5:46:00,8312888,8,0,0
100283,5:37:00,5:38:00,8312889,6,0,0
100283,5:30:00,5:31:00,8312890,4,0,0
100283,5:20:00,5:20:00,8312891,1,0,1
100284,6:03:00,6:04:00,8312808,2,0,0
100284,6:09:00,6:10:00,8312809,4,0,0
100284,6:21:00,6:22:00,8312810,7,0,0
100284,6:16:00,6:17:00,8312819,6,0,0
100284,6:00:00,6:00:00,8312888,1,0,1
100284,6:06:00,6:07:00,8312889,3,0,0
100284,6:13:00,6:14:00,8312890,5,0,0
100284,6:26:00,6:26:00,8312891,8,0,0
100285,7:10:00,7:11:00,8312808,7,0,0
100285,7:04:00,7:05:00,8312809,5,0,0
100285,6:52:00,6:53:00,8312810,2,0,0
100285,6:57:00,6:58:00,8312819,3,0,0
100285,7:16:00,7:16:00,8312888,8,0,0
100285,7:07:00,7:08:00,8312889,6,0,0
100285,7:00:00,7:01:00,8312890,4,0,0
100285,6:50:00,6:50:00,8312891,1,0,1
100286,7:46:00,7:47:00,8312808,2,0,0
100286,7:52:00,7:53:00,8312809,4,0,0
100286,8:04:00,8:05:00,8312810,7,0,0
100286,7:59:00,8:00:00,8312819,6,0,0
100286,7:43:00,7:43:00,8312888,1,0,1
100286,7:49:00,7:50:00,8312889,3,0,0
100286,7:56:00,7:57:00,8312890,5,0,0
100286,8:09:00,8:09:00,8312891,8,0,0
100287,8:10:00,8:11:00,8312808,7,0,0
100287,8:04:00,8:05:00,8312809,5,0,0
100287,7:52:00,7:53:00,8312810,2,0,0
100287,7:57:00,7:58:00,8312819,3,0,0
100287,8:16:00,8:16:00,8312888,8,0,0
100287,8:07:00,8:08:00,8312889,6,0,0
100287,8:00:00,8:01:00,8312890,4,0,0
100287,7:50:00,7:50:00,8312891,1,0,1
100288,8:46:00,8:47:00,8312808,2,0,0
100288,8:52:00,8:53:00,8312809,4,0,0
100288,9:04:00,9:05:00,8312810,7,0,0
100288,8:59:00,9:00:00,8312819,6,0,0
100288,8:43:00,8:43:00,8312888,1,0,1
100288,8:49:00,8:50:00,8312889,3,0,0
100288,8:56:00,8:57:00,8312890,5,0,0
100288,9:09:00,9:09:00,8312891,8,0,0
100289,9:10:00,9:11:00,8312808,7,0,0
100289,9:04:00,9:05:00,8312809,5,0,0
100289,8:52:00,8:53:00,8312810,2,0,0
100289,8:57:00,8:58:00,8312819,3,0,0
100289,9:16:00,9:16:00,8312888,8,0,0
100289,9:07:00,9:08:00,8312889,6,0,0
100289,9:00:00,9:01:00,8312890,4,0,0
100289,8:50:00,8:50:00,8312891,1,0,1
100290,9:46:00,9:47:00,8312808,2,0,0
100290,9:52:00,9:53:00,8312809,4,0,0
100290,10:04:00,10:05:00,8312810,7,0,0
100290,9:59:00,10:00:00,8312819,6,0,0
100290,9:43:00,9:43:00,8312888,1,0,1
100290,9:49:00,9:50:00,8312889,3,0,0
100290,9:56:00,9:57:00,8312890,5,0,0
100290,10:09:00,10:09:00,8312891,8,0,0
100291,10:10:00,10:11:00,8312808,7,0,0
100291,10:04:00,10:05:00,8312809,5,0,0
100291,9:52:00,9:53:00,8312810,2,0,0
100291,9:57:00,9:58:00,8312819,3,0,0
100291,10:16:00,10:16:00,8312888,8,0,0
100291,10:07:00,10:08:00,8312889,6,0,0
100291,10:00:00,10:01:00,8312890,4,0,0
100291,9:50:00,9:50:00,8312891,1,0,1
100292,10:43:00,10:44:00,8312808,2,0,0
100292,10:49:00,10:50:00,8312809,4,0,0
100292,11:01:00,11:02:00,8312810,7,0,0
100292,10:56:00,10:57:00,8312819,6,0,0
100292,10:40:00,10:40:00,8312888,1,0,1
100292,10:46:00,10:47:00,8312889,3,0,0
100292,10:53:00,10:54:00,8312890,5,0,0
100292,11:06:00,11:06:00,8312891,8,0,0
100293,11:10:00,11:11:00,8312808,7,0,0
100293,11:04:00,11:05:00,8312809,5,0,0
100293,10:52:00,10:53:00,8312810,2,0,0
100293,10:57:00,10:58:00,8312819,3,0,0
100293,11:16:00,11:16:00,8312888,8,0,0
100293,11:07:00,11:08:00,8312889,6,0,0
100293,11:00:00,11:01:00,8312890,4,0,0
100293,10:50:00,10:50:00,8312891,1,0,1
100294,11:46:00,11:47:00,8312808,2,0,0
100294,11:52:00,11:53:00,8312809,4,0,0
100294,12:04:00,12:05:00,8312810,7,0,0
100294,11:59:00,12:00:00,8312819,6,0,0
100294,11:43:00,11:43:00,8312888,1,0,1
100294,11:49:00,11:50:00,8312889,3,0,0
100294,11:56:00,11:57:00,8312890,5,0,0
100294,12:09:00,12:09:00,8312891,8,0,0
100295,12:10:00,12:11:00,8312808,7,0,0
100295,12:04:00,12:05:00,8312809,5,0,0
100295,11:52:00,11:53:00,8312810,2,0,0
100295,11:57:00,11:58:00,8312819,3,0,0
100295,12:16:00,12:16:00,8312888,8,0,0
100295,12:07:00,12:08:00,8312889,6,0,0
100295,12:00:00,12:01:00,8312890,4,0,0
100295,11:50:00,11:50:00,8312891,1,0,1
100296,12:43:00,12:44:00,8312808,2,0,0
100296,12:49:00,12:50:00,8312809,4,0,0
100296,13:01:00,13:02:00,8312810,7,0,0
100296,12:56:00,12:57:00,8312819,6,0,0
100296,12:40:00,12:40:00,8312888,1,0,1
100296,12:46:00,12:47:00,8312889,3,0,0
100296,12:53:00,12:54:00,8312890,5,0,0
100296,13:06:00,13:06:00,8312891,8,0,0
100297,12:46:00,12:47:00,8312808,2,0,0
100297,12:52:00,12:53:00,8312809,4,0,0
100297,13:04:00,13:05:00,8312810,7,0,0
100297,12:59:00,13:00:00,8312819,6,0,0
100297,12:43:00,12:43:00,8312888,1,0,1
100297,12:49:00,12:50:00,8312889,3,0,0
100297,12:56:00,12:57:00,8312890,5,0,0
100297,13:09:00,13:09:00,8312891,8,0,0
100298,13:10:00,13:11:00,8312808,7,0,0
100298,13:04:00,13:05:00,8312809,5,0,0
100298,12:52:00,12:53:00,8312810,2,0,0
100298,12:57:00,12:58:00,8312819,3,0,0
100298,13:16:00,13:16:00,8312888,8,0,0
100298,13:07:00,13:08:00,8312889,6,0,0
100298,13:00:00,13:01:00,8312890,4,0,0
100298,12:50:00,12:50:00,8312891,1,0,1
100299,13:46:00,13:47:00,8312808,2,0,0
100299,13:52:00,13:53:00,8312809,4,0,0
100299,14:04:00,14:05:00,8312810,7,0,0
100299,13:59:00,14:00:00,8312819,6,0,0
100299,13:43:00,13:43:00,8312888,1,0,1
100299,13:49:00,13:50:00,8312889,3,0,0
100299,13:56:00,13:57:00,8312890,5,0,0
100299,14:09:00,14:09:00,8312891,8,0,0
100300,15:20:00,15:21:00,8312808,7,0,0
100300,15:14:00,15:15:00,8312809,5,0,0
100300,15:02:00,15:03:00,8312810,2,0,0
100300,15:07:00,15:08:00,8312819,3,0,0
100300,15:26:00,15:26:00,8312888,8,0,0
100300,15:17:00,15:18:00,8312889,6,0,0
100300,15:10:00,15:11:00,8312890,4,0,0
100300,15:00:00,15:00:00,8312891,1,0,1
100301,15:46:00,15:47:00,8312808,2,0,0
100301,15:52:00,15:53:00,8312809,4,0,0
100301,16:04:00,16:05:00,8312810,7,0,0
100301,15:59:00,16:00:00,8312819,6,0,0
100301,15:43:00,15:43:00,8312888,1,0,1
100301,15:49:00,15:50:00,8312889,3,0,0
100301,15:56:00,15:57:00,8312890,5,0,0
100301,16:09:00,16:09:00,8312891,8,0,0
100302,17:10:00,17:11:00,8312808,7,0,0
100302,17:04:00,17:05:00,8312809,5,0,0
100302,16:52:00,16:53:00,8312810,2,0,0
100302,16:57:00,16:58:00,8312819,3,0,0
100302,17:16:00,17:16:00,8312888,8,0,0
100302,17:07:00,17:08:00,8312889,6,0,0
100302,17:00:00,17:01:00,8312890,4,0,0
100302,16:50:00,16:50:00,8312891,1,0,1
100303,17:46:00,17:47:00,8312808,2,0,0
100303,17:52:00,17:53:00,8312809,4,0,0
100303,18:04:00,18:05:00,8312810,7,0,0
100303,17:59:00,18:00:00,8312819,6,0,0
100303,17:43:00,17:43:00,8312888,1,0,1
100303,17:49:00,17:50:00,8312889,3,0,0
100303,17:56:00,17:57:00,8312890,5,0,0
100303,18:09:00,18:09:00,8312891,8,0,0
100304,18:10:00,18:11:00,8312808,7,0,0
100304,18:04:00,18:05:00,8312809,5,0,0
100304,17:52:00,17:53:00,8312810,2,0,0
100304,17:57:00,17:58:00,8312819,3,0,0
100304,18:16:00,18:16:00,8312888,8,0,0
100304,18:07:00,18:08:00,8312889,6,0,0
100304,18:00:00,18:01:00,8312890,4,0,0
100304,17:50:00,17:50:00,8312891,1,0,1
100305,18:43:00,18:44:00,8312808,2,0,0
100305,18:49:00,18:50:00,8312809,4,0,0
100305,19:01:00,19:02:00,8312810,7,0,0
100305,18:56:00,18:57:00,8312819,6,0,0
100305,18:40:00,18:40:00,8312888,1,0,1
100305,18:46:00,18:47:00,8312889,3,0,0
100305,18:53:00,18:54:00,8312890,5,0,0
100305,19:06:00,19:06:00,8312891,8,0,0
100306,18:46:00,18:47:00,8312808,2,0,0
100306,18:52:00,18:53:00,8312809,4,0,0
100306,19:04:00,19:05:00,8312810,7,0,0
100306,18:59:00,19:00:00,8312819,6,0,0
100306,18:43:00,18:43:00,8312888,1,0,1
100306,18:49:00,18:50:00,8312889,3,0,0
100306,18:56:00,18:57:00,8312890,5,0,0
100306,19:09:00,19:09:00,8312891,8,0,0
100307,19:10:00,19:11:00,8312808,7,0,0
100307,19:04:00,19:05:00,8312809,5,0,0
100307,18:52:00,18:53:00,8312810,2,0,0
100307,18:57:00,18:58:00,8312819,3,0,0
100307,19:16:00,19:16:00,8312888,8,0,0
100307,19:07:00,19:08:00,8312889,6,0,0
100307,19:00:00,19:01:00,8312890,4,0,0
100307,18:50:00,18:50:00,8312891,1,0,1
100308,19:46:00,19:47:00,8312808,2,0,0
100308,19:52:00,19:53:00,8312809,4,0,0
100308,20:04:00,20:05:00,8312810,7,0,0
100308,19:59:00,20:00:00,8312819,6,0,0
100308,19:43:00,19:43:00,8312888,1,0,1
100308,19:49:00,19:50:00,8312889,3,0,0
100308,19:56:00,19:57:00,8312890,5,0,0
100308,20:09:00,20:09:00,8312891,8,0,0
100309,20:10:00,20:11:00,8312808,7,0,0
100309,20:04:00,20:05:00,8312809,5,0,0
100309,19:52:00,19:53:00,8312810,2,0,0
100309,19:57:00,19:58:00,8312819,3,0,0
100309,20:16:00,20:16:00,8312888,8,0,0
100309,20:07:00,20:08:00,8312889,6,0,0
100309,20:00:00,20:01:00,8312890,4,0,0
100309,19:50:00,19:50:00,8312891,1,0,1
100310,20:43:00,20:44:00,8312808,2,0,0
100310,20:49:00,20:50:00,8312809,4,0,0
100310,21:01:00,21:02:00,8312810,7,0,0
100310,20:56:00,20:57:00,8312819,6,0,0
100310,20:40:00,20:40:00,8312888,1,0,1
100310,20:46:00,20:47:00,8312889,3,0,0
100310,20:53:00,20:54:00,8312890,5,0,0
100310,21:06:00,21:06:00,8312891,8,0,0
100311,20:46:00,20:47:00,8312808,2,0,0
100311,20:52:00,20:53:00,8312809,4,0,0
100311,21:04:00,21:05:00,8312810,7,0,0
100311,20:59:00,21:00:00,8312819,6,0,0
100311,20:43:00,20:43:00,8312888,1,0,1
100311,20:49:00,20:50:00,8312889,3,0,0
100311,20:56:00,20:57:00,8312890,5,0,0
100311,21:09:00,21:09:00,8312891,8,0,0
100312,21:20:00,21:21:00,8312808,7,0,0
100312,21:14:00,21:15:00,8312809,5,0,0
100312,21:02:00,21:03:00,8312810,2,0,0
100312,21:07:00,21:08:00,8312819,3,0,0
100312,21:26:00,21:26:00,8312888,8,0,0
100312,21:17:00,21:18:00,8312889,6,0,0
100312,21:10:00,21:11:00,8312890,4,0,0
100312,21:00:00,21:00:00,8312891,1,0,1
100313,21:38:00,21:39:00,8312808,2,0,0
100313,21:44:00,21:45:00,8312809,4,0,0
100313,21:56:00,21:57:00,8312810,7,0,0
100313,21:51:00,21:52:00,8312819,6,0,0
100313,21:35:00,21:35:00,8312888,1,0,1
100313,21:41:00,21:42:00,8312889,3,0,0
100313,21:48:00,21:49:00,8312890,5,0,0
100313,22:00:00,22:00:00,8312891,8,0,0
100314,22:20:00,22:21:00,8312808,7,0,0
100314,22:14:00,22:15:00,8312809,5,0,0
100314,22:02:00,22:03:00,8312810,2,0,0
100314,22:07:00,22:08:00,8312819,3,0,0
100314,22:26:00,22:26:00,8312888,8,0,0
100314,22:17:00,22:18:00,8312889,6,0,0
100314,22:10:00,22:11:00,8312890,4,0,0
100314,22:00:00,22:00:00,8312891,1,0,1
100315,22:53:00,22:54:00,8312808,2,0,0
100315,22:59:00,23:00:00,8312809,4,0,0
100315,23:11:00,23:12:00,8312810,7,0,0
100315,23:06:00,23:07:00,8312819,6,0,0
100315,22:50:00,22:50:00,8312888,1,0,1
100315,22:56:00,22:57:00,8312889,3,0,0
100315,23:03:00,23:04:00,8312890,5,0,0
100315,23:16:00,23:16:00,8312891,8,0,0
100316,6:10:00,6:11:00,8312819,3,0,0
100316,6:50:00,6:50:00,8312882,13,0,0
100316,6:39:00,6:40:00,8312885,11,0,0
100316,6:32:00,6:33:00,8312886,10,0,0
100316,6:27:00,6:28:00,8312887,9,0,0
100316,6:19:00,6:20:00,8312888,8,0,0
100316,6:05:00,6:05:00,8312891,1,0,1
100317,7:47:00,7:48:00,8312819,11,0,0
100317,7:10:00,7:10:00,8312882,1,0,1
100317,7:19:00,7:20:00,8312885,3,0,0
100317,7:25:00,7:26:00,8312886,4,0,0
100317,7:31:00,7:32:00,8312887,5,0,0
100317,7:39:00,7:40:00,8312888,6,0,0
100317,7:55:00,7:55:00,8312891,13,0,0
100318,7:10:00,7:11:00,8312819,3,0,0
100318,7:50:00,7:50:00,8312882,13,0,0
100318,7:39:00,7:40:00,8312885,11,0,0
100318,7:32:00,7:33:00,8312886,10,0,0
100318,7:27:00,7:28:00,8312887,9,0,0
100318,7:19:00,7:20:00,8312888,8,0,0
100318,7:05:00,7:05:00,8312891,1,0,1
100319,8:47:00,8:48:00,8312819,11,0,0
100319,8:10:00,8:10:00,8312882,1,0,1
100319,8:19:00,8:20:00,8312885,3,0,0
100319,8:25:00,8:26:00,8312886,4,0,0
100319,8:30:00,8:31:00,8312887,5,0,0
100319,8:39:00,8:40:00,8312888,6,0,0
100319,8:55:00,8:55:00,8312891,13,0,0
100320,8:10:00,8:11:00,8312819,3,0,0
100320,8:50:00,8:50:00,8312882,13,0,0
100320,8:39:00,8:40:00,8312885,11,0,0
100320,8:32:00,8:33:00,8312886,10,0,0
100320,8:27:00,8:28:00,8312887,9,0,0
100320,8:19:00,8:20:00,8312888,8,0,0
100320,8:05:00,8:05:00,8312891,1,0,1
100321,9:47:00,9:48:00,8312819,11,0,0
100321,9:10:00,9:10:00,8312882,1,0,1
100321,9:19:00,9:20:00,8312885,3,0,0
100321,9:25:00,9:26:00,8312886,4,0,0
100321,9:30:00,9:31:00,8312887,5,0,0
100321,9:39:00,9:40:00,8312888,6,0,0
100321,9:55:00,9:55:00,8312891,13,0,0
100322,10:10:00,10:11:00,8312819,3,0,0
100322,10:50:00,10:50:00,8312882,13,0,0
100322,10:39:00,10:40:00,8312885,11,0,0
100322,10:32:00,10:33:00,8312886,10,0,0
100322,10:27:00,10:28:00,8312887,9,0,0
100322,10:19:00,10:20:00,8312888,8,0,0
100322,10:05:00,10:05:00,8312891,1,0,1
100323,11:47:00,11:48:00,8312819,11,0,0
100323,11:10:00,11:10:00,8312882,1,0,1
100323,11:19:00,11:20:00,8312885,3,0,0
100323,11:25:00,11:26:00,8312886,4,0,0
100323,11:30:00,11:31:00,8312887,5,0,0
100323,11:39:00,11:40:00,8312888,6,0,0
100323,11:55:00,11:55:00,8312891,13,0,0
100324,12:10:00,12:11:00,8312819,3,0,0
100324,12:50:00,12:50:00,8312882,13,0,0
100324,12:39:00,12:40:00,8312885,11,0,0
100324,12:32:00,12:33:00,8312886,10,0,0
100324,12:27:00,12:28:00,8312887,9,0,0
100324,12:19:00,12:20:00,8312888,8,0,0
100324,12:05:00,12:05:00,8312891,1,0,1
100325,12:10:00,12:11:00,8312819,3,0,0
100325,12:50:00,12:50:00,8312882,13,0,0
100325,12:39:00,12:40:00,8312885,11,0,0
100325,12:32:00,12:33:00,8312886,10,0,0
100325,12:27:00,12:28:00,8312887,9,0,0
100325,12:19:00,12:20:00,8312888,8,0,0
100325,12:05:00,12:05:00,8312891,1,0,1
100326,13:47:00,13:48:00,8312819,11,0,0
100326,13:10:00,13:10:00,8312882,1,0,1
100326,13:19:00,13:20:00,8312885,3,0,0
100326,13:25:00,13:26:00,8312886,4,0,0
100326,13:30:00,13:31:00,8312887,5,0,0
100326,13:39:00,13:40:00,8312888,6,0,0
100326,13:55:00,13:55:00,8312891,13,0,0
100327,13:47:00,13:48:00,8312819,11,0,0
100327,13:10:00,13:10:00,8312882,1,0,1
100327,13:19:00,13:20:00,8312885,3,0,0
100327,13:25:00,13:26:00,8312886,4,0,0
100327,13:30:00,13:31:00,8312887,5,0,0
100327,13:39:00,13:40:00,8312888,6,0,0
100327,13:55:00,13:55:00,8312891,13,0,0
100328,13:10:00,13:11:00,8312819,3,0,0
100328,13:50:00,13:50:00,8312882,13,0,0
100328,13:39:00,13:40:00,8312885,11,0,0
100328,13:32:00,13:33:00,8312886,10,0,0
100328,13:27:00,13:28:00,8312887,9,0,0
100328,13:19:00,13:20:00,8312888,8,0,0
100328,13:05:00,13:05:00,8312891,1,0,1
100329,14:47:00,14:48:00,8312819,11,0,0
100329,14:10:00,14:10:00,8312882,1,0,1
100329,14:19:00,14:20:00,8312885,3,0,0
100329,14:25:00,14:26:00,8312886,4,0,0
100329,14:30:00,14:31:00,8312887,5,0,0
100329,14:39:00,14:40:00,8312888,6,0,0
100329,14:55:00,14:55:00,8312891,13,0,0
100330,14:10:00,14:11:00,8312819,3,0,0
100330,14:50:00,14:50:00,8312882,13,0,0
100330,14:39:00,14:40:00,8312885,11,0,0
100330,14:32:00,14:33:00,8312886,10,0,0
100330,14:27:00,14:28:00,8312887,9,0,0
100330,14:19:00,14:20:00,8312888,8,0,0
100330,14:05:00,14:05:00,8312891,1,0,1
100331,15:47:00,15:48:00,8312819,11,0,0
100331,15:10:00,15:10:00,8312882,1,0,1
100331,15:19:00,15:20:00,8312885,3,0,0
100331,15:25:00,15:26:00,8312886,4,0,0
100331,15:31:00,15:32:00,8312887,5,0,0
100331,15:39:00,15:40:00,8312888,6,0,0
100331,15:55:00,15:55:00,8312891,13,0,0
100332,14:58:00,14:59:00,8312819,3,0,0
100332,15:38:00,15:38:00,8312882,13,0,0
100332,15:27:00,15:28:00,8312885,11,0,0
100332,15:20:00,15:21:00,8312886,10,0,0
100332,15:15:00,15:16:00,8312887,9,0,0
100332,15:07:00,15:08:00,8312888,8,0,0
100332,14:53:00,14:53:00,8312891,1,0,1
100333,16:47:00,16:48:00,8312819,11,0,0
100333,16:10:00,16:10:00,8312882,1,0,1
100333,16:19:00,16:20:00,8312885,3,0,0
100333,16:25:00,16:26:00,8312886,4,0,0
100333,16:31:00,16:32:00,8312887,5,0,0
100333,16:39:00,16:40:00,8312888,6,0,0
100333,16:55:00,16:55:00,8312891,13,0,0
100334,16:47:00,16:48:00,8312819,11,0,0
100334,16:10:00,16:10:00,8312882,1,0,1
100334,16:19:00,16:20:00,8312885,3,0,0
100334,16:25:00,16:26:00,8312886,4,0,0
100334,16:30:00,16:31:00,8312887,5,0,0
100334,16:39:00,16:40:00,8312888,6,0,0
100334,16:55:00,16:55:00,8312891,13,0,0
100335,16:10:00,16:11:00,8312819,3,0,0
100335,16:50:00,16:50:00,8312882,13,0,0
100335,16:39:00,16:40:00,8312885,11,0,0
100335,16:32:00,16:33:00,8312886,10,0,0
100335,16:27:00,16:28:00,8312887,9,0,0
100335,16:19:00,16:20:00,8312888,8,0,0
100335,16:05:00,16:05:00,8312891,1,0,1
100336,17:47:00,17:48:00,8312819,11,0,0
100336,17:10:00,17:10:00,8312882,1,0,1
100336,17:19:00,17:20:00,8312885,3,0,0
100336,17:25:00,17:26:00,8312886,4,0,0
100336,17:30:00,17:31:00,8312887,5,0,0
100336,17:39:00,17:40:00,8312888,6,0,0
100336,17:55:00,17:55:00,8312891,13,0,0
100337,18:10:00,18:11:00,8312819,3,0,0
100337,18:50:00,18:50:00,8312882,13,0,0
100337,18:39:00,18:40:00,8312885,11,0,0
100337,18:32:00,18:33:00,8312886,10,0,0
100337,18:27:00,18:28:00,8312887,9,0,0
100337,18:19:00,18:20:00,8312888,8,0,0
100337,18:05:00,18:05:00,8312891,1,0,1
100338,19:48:00,19:49:00,8312819,11,0,0
100338,19:10:00,19:10:00,8312882,1,0,1
100338,19:19:00,19:20:00,8312885,3,0,0
100338,19:25:00,19:26:00,8312886,4,0,0
100338,19:31:00,19:32:00,8312887,5,0,0
100338,19:40:00,19:41:00,8312888,6,0,0
100338,19:56:00,19:56:00,8312891,13,0,0
100339,5:40:00,5:41:00,8312819,3,0,0
100339,6:20:00,6:20:00,8312882,13,0,0
100339,6:09:00,6:10:00,8312885,11,0,0
100339,6:02:00,6:03:00,8312886,10,0,0
100339,5:57:00,5:58:00,8312887,9,0,0
100339,5:49:00,5:50:00,8312888,8,0,0
100339,5:35:00,5:35:00,8312891,1,0,1
100340,7:23:00,7:24:00,8312819,11,0,0
100340,6:40:00,6:40:00,8312882,1,0,1
100340,6:49:00,6:50:00,8312885,3,0,0
100340,6:55:00,6:56:00,8312886,4,0,0
100340,7:01:00,7:02:00,8312887,5,0,0
100340,7:09:00,7:10:00,8312888,6,0,0
100340,7:13:00,7:14:00,8312889,8,0,0
100340,7:18:00,7:19:00,8312890,10,0,0
100340,7:31:00,7:31:00,8312891,13,0,0
100341,21:50:00,21:51:00,8312808,7,0,0
100341,21:44:00,21:45:00,8312809,5,0,0
100341,21:32:00,21:33:00,8312810,2,0,0
100341,21:37:00,21:38:00,8312819,3,0,0
100341,21:56:00,21:56:00,8312888,8,0,0
100341,21:47:00,21:48:00,8312889,6,0,0
100341,21:40:00,21:41:00,8312890,4,0,0
100341,21:30:00,21:30:00,8312891,1,0,1
100342,22:08:00,22:09:00,8312808,2,0,0
100342,22:14:00,22:15:00,8312809,4,0,0
100342,22:26:00,22:27:00,8312810,7,0,0
100342,22:21:00,22:22:00,8312819,6,0,0
100342,22:05:00,22:05:00,8312888,1,0,1
100342,22:11:00,22:12:00,8312889,3,0,0
100342,22:18:00,22:19:00,8312890,5,0,0
100342,22:30:00,22:30:00,8312891,8,0,0
